0 	 0.38 	 10.8057
0 	 0.397096 	 6.37718
0 	 0.414319 	 3.58209
0 	 0.431648 	 2.00806
0 	 0.44906 	 1.34812
0 	 0.466535 	 1.16842
0 	 0.484052 	 1.30076
0 	 0.501588 	 1.27872
0 	 0.519122 	 1.13803
0 	 0.536632 	 0.861104
0 	 0.554098 	 0.595898
0 	 0.571496 	 0.629656
0 	 0.588807 	 1.2657
0 	 0.606009 	 2.86589
0 	 0.62308 	 5.74254
0 	 0.64 	 10.2369

5.90164 	 0.38 	 10.8975
5.90164 	 0.397096 	 6.42025
5.90164 	 0.414319 	 3.57968
5.90164 	 0.431648 	 1.97199
5.90164 	 0.44906 	 1.26673
5.90164 	 0.466535 	 1.08986
5.90164 	 0.484052 	 1.22948
5.90164 	 0.501588 	 1.20745
5.90164 	 0.519122 	 1.0688
5.90164 	 0.536632 	 0.795864
5.90164 	 0.554098 	 0.48724
5.90164 	 0.571496 	 0.489344
5.90164 	 0.588807 	 1.08758
5.90164 	 0.606009 	 2.65307
5.90164 	 0.62308 	 5.49818
5.90164 	 0.64 	 9.96413

11.8033 	 0.38 	 11.0544
11.8033 	 0.397096 	 6.52487
11.8033 	 0.414319 	 3.63521
11.8033 	 0.431648 	 1.99212
11.8033 	 0.44906 	 1.23425
11.8033 	 0.466535 	 1.04474
11.8033 	 0.484052 	 1.18783
11.8033 	 0.501588 	 1.16818
11.8033 	 0.519122 	 1.03295
11.8033 	 0.536632 	 0.76158
11.8033 	 0.554098 	 0.418317
11.8033 	 0.571496 	 0.38656
11.8033 	 0.588807 	 0.942923
11.8033 	 0.606009 	 2.47041
11.8033 	 0.62308 	 5.28134
11.8033 	 0.64 	 9.7168

17.7049 	 0.38 	 11.2734
17.7049 	 0.397096 	 6.68882
17.7049 	 0.414319 	 3.74715
17.7049 	 0.431648 	 2.0587
17.7049 	 0.44906 	 1.25229
17.7049 	 0.466535 	 1.03117
17.7049 	 0.484052 	 1.17853
17.7049 	 0.501588 	 1.1602
17.7049 	 0.519122 	 1.02786
17.7049 	 0.536632 	 0.758155
17.7049 	 0.554098 	 0.389292
17.7049 	 0.571496 	 0.321825
17.7049 	 0.588807 	 0.832608
17.7049 	 0.606009 	 2.31912
17.7049 	 0.62308 	 5.09354
17.7049 	 0.64 	 9.497

23.6066 	 0.38 	 11.5495
23.6066 	 0.397096 	 6.90764
23.6066 	 0.414319 	 3.91176
23.6066 	 0.431648 	 2.17234
23.6066 	 0.44906 	 1.31861
23.6066 	 0.466535 	 1.05438
23.6066 	 0.484052 	 1.1976
23.6066 	 0.501588 	 1.1796
23.6066 	 0.519122 	 1.04908
23.6066 	 0.536632 	 0.78025
23.6066 	 0.554098 	 0.398821
23.6066 	 0.571496 	 0.29425
23.6066 	 0.588807 	 0.756302
23.6066 	 0.606009 	 2.19931
23.6066 	 0.62308 	 4.93531
23.6066 	 0.64 	 9.30476

29.5082 	 0.38 	 11.8749
29.5082 	 0.397096 	 7.17479
29.5082 	 0.414319 	 4.12319
29.5082 	 0.431648 	 2.33143
29.5082 	 0.44906 	 1.42903
29.5082 	 0.466535 	 1.12041
29.5082 	 0.484052 	 1.24028
29.5082 	 0.501588 	 1.22133
29.5082 	 0.519122 	 1.08725
29.5082 	 0.536632 	 0.819294
29.5082 	 0.554098 	 0.433962
29.5082 	 0.571496 	 0.301577
29.5082 	 0.588807 	 0.711982
29.5082 	 0.606009 	 2.1094
29.5082 	 0.62308 	 4.80546
29.5082 	 0.64 	 9.14013

35.4098 	 0.38 	 12.2394
35.4098 	 0.397096 	 7.48122
35.4098 	 0.414319 	 4.37374
35.4098 	 0.431648 	 2.52898
35.4098 	 0.44906 	 1.57753
35.4098 	 0.466535 	 1.22417
35.4098 	 0.484052 	 1.29673
35.4098 	 0.501588 	 1.27633
35.4098 	 0.519122 	 1.14304
35.4098 	 0.536632 	 0.876301
35.4098 	 0.554098 	 0.485659
35.4098 	 0.571496 	 0.340009
35.4098 	 0.588807 	 0.696797
35.4098 	 0.606009 	 2.04719
35.4098 	 0.62308 	 4.70239
35.4098 	 0.64 	 9.00177

41.3115 	 0.38 	 12.6307
41.3115 	 0.397096 	 7.81588
41.3115 	 0.414319 	 4.65356
41.3115 	 0.431648 	 2.75651
41.3115 	 0.44906 	 1.75632
41.3115 	 0.466535 	 1.35893
41.3115 	 0.484052 	 1.36948
41.3115 	 0.501588 	 1.34362
41.3115 	 0.519122 	 1.21117
41.3115 	 0.536632 	 0.946187
41.3115 	 0.554098 	 0.5418
41.3115 	 0.571496 	 0.40134
41.3115 	 0.588807 	 0.706728
41.3115 	 0.606009 	 2.00934
41.3115 	 0.62308 	 4.6234
41.3115 	 0.64 	 8.88755

47.2131 	 0.38 	 13.0349
47.2131 	 0.397096 	 8.16609
47.2131 	 0.414319 	 4.95121
47.2131 	 0.431648 	 3.00383
47.2131 	 0.44906 	 1.95647
47.2131 	 0.466535 	 1.51656
47.2131 	 0.484052 	 1.46479
47.2131 	 0.501588 	 1.41765
47.2131 	 0.519122 	 1.28637
47.2131 	 0.536632 	 1.02295
47.2131 	 0.554098 	 0.603045
47.2131 	 0.571496 	 0.464363
47.2131 	 0.588807 	 0.736755
47.2131 	 0.606009 	 1.99156
47.2131 	 0.62308 	 4.56487
47.2131 	 0.64 	 8.79449

53.1148 	 0.38 	 13.4367
53.1148 	 0.397096 	 8.51804
53.1148 	 0.414319 	 5.25411
53.1148 	 0.431648 	 3.25949
53.1148 	 0.44906 	 2.16787
53.1148 	 0.466535 	 1.68795
53.1148 	 0.484052 	 1.57461
53.1148 	 0.501588 	 1.49839
53.1148 	 0.519122 	 1.3594
53.1148 	 0.536632 	 1.0949
53.1148 	 0.554098 	 0.66642
53.1148 	 0.571496 	 0.527834
53.1148 	 0.588807 	 0.781028
53.1148 	 0.606009 	 1.98886
53.1148 	 0.62308 	 4.52258
53.1148 	 0.64 	 8.71905

59.0164 	 0.38 	 13.8208
59.0164 	 0.397096 	 8.85736
59.0164 	 0.414319 	 5.54909
59.0164 	 0.431648 	 3.51152
59.0164 	 0.44906 	 2.37963
59.0164 	 0.466535 	 1.86344
59.0164 	 0.484052 	 1.69033
59.0164 	 0.501588 	 1.58865
59.0164 	 0.519122 	 1.43416
59.0164 	 0.536632 	 1.17351
59.0164 	 0.554098 	 0.7212
59.0164 	 0.571496 	 0.5917
59.0164 	 0.588807 	 0.833307
59.0164 	 0.606009 	 1.99589
59.0164 	 0.62308 	 4.49199
59.0164 	 0.64 	 8.6574

64.918 	 0.38 	 14.1717
64.918 	 0.397096 	 9.16981
64.918 	 0.414319 	 5.82303
64.918 	 0.431648 	 3.74788
64.918 	 0.44906 	 2.58073
64.918 	 0.466535 	 2.03304
64.918 	 0.484052 	 1.80325
64.918 	 0.501588 	 1.68675
64.918 	 0.519122 	 1.49106
64.918 	 0.536632 	 1.23107
64.918 	 0.554098 	 0.765528
64.918 	 0.571496 	 0.640311
64.918 	 0.588807 	 0.870215
64.918 	 0.606009 	 2.00724
64.918 	 0.62308 	 4.46848
64.918 	 0.64 	 8.60567

70.8197 	 0.38 	 14.4749
70.8197 	 0.397096 	 9.44198
70.8197 	 0.414319 	 6.06349
70.8197 	 0.431648 	 3.95712
70.8197 	 0.44906 	 2.76065
70.8197 	 0.466535 	 2.18708
70.8197 	 0.484052 	 1.90484
70.8197 	 0.501588 	 1.7703
70.8197 	 0.519122 	 1.53281
70.8197 	 0.536632 	 1.25698
70.8197 	 0.554098 	 0.80669
70.8197 	 0.571496 	 0.662013
70.8197 	 0.588807 	 0.903278
70.8197 	 0.606009 	 2.01777
70.8197 	 0.62308 	 4.44771
70.8197 	 0.64 	 8.56021

76.7213 	 0.38 	 14.7179
76.7213 	 0.397096 	 9.66202
76.7213 	 0.414319 	 6.25942
76.7213 	 0.431648 	 4.12897
76.7213 	 0.44906 	 2.90988
76.7213 	 0.466535 	 2.31678
76.7213 	 0.484052 	 1.9922
76.7213 	 0.501588 	 1.84081
76.7213 	 0.519122 	 1.56634
76.7213 	 0.536632 	 1.25848
76.7213 	 0.554098 	 0.817318
76.7213 	 0.571496 	 0.676234
76.7213 	 0.588807 	 0.923173
76.7213 	 0.606009 	 2.02294
76.7213 	 0.62308 	 4.42587
76.7213 	 0.64 	 8.51784

82.623 	 0.38 	 14.8907
82.623 	 0.397096 	 9.82039
82.623 	 0.414319 	 6.40182
82.623 	 0.431648 	 4.25499
82.623 	 0.44906 	 3.02055
82.623 	 0.466535 	 2.4148
82.623 	 0.484052 	 2.04762
82.623 	 0.501588 	 1.8659
82.623 	 0.519122 	 1.58655
82.623 	 0.536632 	 1.24685
82.623 	 0.554098 	 0.813732
82.623 	 0.571496 	 0.65692
82.623 	 0.588807 	 0.922364
82.623 	 0.606009 	 2.01909
82.623 	 0.62308 	 4.39998
82.623 	 0.64 	 8.47615

88.5246 	 0.38 	 14.9852
88.5246 	 0.397096 	 9.9104
88.5246 	 0.414319 	 6.48427
88.5246 	 0.431648 	 4.32905
88.5246 	 0.44906 	 3.08688
88.5246 	 0.466535 	 2.47765
88.5246 	 0.484052 	 2.07312
88.5246 	 0.501588 	 1.8611
88.5246 	 0.519122 	 1.58968
88.5246 	 0.536632 	 1.21247
88.5246 	 0.554098 	 0.792027
88.5246 	 0.571496 	 0.622541
88.5246 	 0.588807 	 0.907636
88.5246 	 0.606009 	 2.00763
88.5246 	 0.62308 	 4.37845
88.5246 	 0.64 	 8.4477

94.4262 	 0.38 	 14.9732
94.4262 	 0.397096 	 9.92858
94.4262 	 0.414319 	 6.50335
94.4262 	 0.431648 	 4.3478
94.4262 	 0.44906 	 3.10556
94.4262 	 0.466535 	 2.49718
94.4262 	 0.484052 	 2.06606
94.4262 	 0.501588 	 1.83096
94.4262 	 0.519122 	 1.54564
94.4262 	 0.536632 	 1.16011
94.4262 	 0.554098 	 0.750073
94.4262 	 0.571496 	 0.57381
94.4262 	 0.588807 	 0.873534
94.4262 	 0.606009 	 1.97109
94.4262 	 0.62308 	 4.33787
94.4262 	 0.64 	 8.40077

100.328 	 0.38 	 14.8822
100.328 	 0.397096 	 9.87497
100.328 	 0.414319 	 6.45885
100.328 	 0.431648 	 4.31085
100.328 	 0.44906 	 3.07605
100.328 	 0.466535 	 2.4759
100.328 	 0.484052 	 2.0261
100.328 	 0.501588 	 1.77539
100.328 	 0.519122 	 1.47902
100.328 	 0.536632 	 1.09342
100.328 	 0.554098 	 0.69485
100.328 	 0.571496 	 0.511088
100.328 	 0.588807 	 0.828609
100.328 	 0.606009 	 1.92507
100.328 	 0.62308 	 4.2914
100.328 	 0.64 	 8.34717

106.23 	 0.38 	 14.7166
106.23 	 0.397096 	 9.75315
106.23 	 0.414319 	 6.35387
106.23 	 0.431648 	 4.22085
106.23 	 0.44906 	 3.00058
106.23 	 0.466535 	 2.40606
106.23 	 0.484052 	 1.95518
106.23 	 0.501588 	 1.69647
106.23 	 0.519122 	 1.39614
106.23 	 0.536632 	 1.01443
106.23 	 0.554098 	 0.628216
106.23 	 0.571496 	 0.434193
106.23 	 0.588807 	 0.75241
106.23 	 0.606009 	 1.87144
106.23 	 0.62308 	 4.24093
106.23 	 0.64 	 8.28117

112.131 	 0.38 	 14.4846
112.131 	 0.397096 	 9.57
112.131 	 0.414319 	 6.19459
112.131 	 0.431648 	 4.08334
112.131 	 0.44906 	 2.88409
112.131 	 0.466535 	 2.28536
112.131 	 0.484052 	 1.85754
112.131 	 0.501588 	 1.59827
112.131 	 0.519122 	 1.30094
112.131 	 0.536632 	 0.926863
112.131 	 0.554098 	 0.553634
112.131 	 0.571496 	 0.35162
112.131 	 0.588807 	 0.667195
112.131 	 0.606009 	 1.79859
112.131 	 0.62308 	 4.17187
112.131 	 0.64 	 8.22138

118.033 	 0.38 	 14.1974
118.033 	 0.397096 	 9.33537
118.033 	 0.414319 	 5.99
118.033 	 0.431648 	 3.90648
118.033 	 0.44906 	 2.73395
118.033 	 0.466535 	 2.13922
118.033 	 0.484052 	 1.73943
118.033 	 0.501588 	 1.48672
118.033 	 0.519122 	 1.19898
118.033 	 0.536632 	 0.83593
118.033 	 0.554098 	 0.476
118.033 	 0.571496 	 0.267417
118.033 	 0.588807 	 0.580379
118.033 	 0.606009 	 1.71668
118.033 	 0.62308 	 4.10419
118.033 	 0.64 	 8.17191

123.934 	 0.38 	 13.8687
123.934 	 0.397096 	 9.06151
123.934 	 0.414319 	 5.75135
123.934 	 0.431648 	 3.70055
123.934 	 0.44906 	 2.55955
123.934 	 0.466535 	 1.9764
123.934 	 0.484052 	 1.60878
123.934 	 0.501588 	 1.36923
123.934 	 0.519122 	 1.09713
123.934 	 0.536632 	 0.748064
123.934 	 0.554098 	 0.401368
123.934 	 0.571496 	 0.183889
123.934 	 0.588807 	 0.497879
123.934 	 0.606009 	 1.63992
123.934 	 0.62308 	 4.04291
123.934 	 0.64 	 8.13082

129.836 	 0.38 	 13.5138
129.836 	 0.397096 	 8.7602
129.836 	 0.414319 	 5.49148
129.836 	 0.431648 	 3.47743
129.836 	 0.44906 	 2.3718
129.836 	 0.466535 	 1.8069
129.836 	 0.484052 	 1.47484
129.836 	 0.501588 	 1.25429
129.836 	 0.519122 	 1.00317
129.836 	 0.536632 	 0.670482
129.836 	 0.554098 	 0.336589
129.836 	 0.571496 	 0.109903
129.836 	 0.588807 	 0.426289
129.836 	 0.606009 	 1.57466
129.836 	 0.62308 	 4.00279
129.836 	 0.64 	 8.11752

135.738 	 0.38 	 13.1487
135.738 	 0.397096 	 8.44055
135.738 	 0.414319 	 5.22421
135.738 	 0.431648 	 3.24993
135.738 	 0.44906 	 2.18258
135.738 	 0.466535 	 1.64175
135.738 	 0.484052 	 1.34859
135.738 	 0.501588 	 1.15164
135.738 	 0.519122 	 0.925521
135.738 	 0.536632 	 0.60929
135.738 	 0.554098 	 0.283841
135.738 	 0.571496 	 0.0526418
135.738 	 0.588807 	 0.371582
135.738 	 0.606009 	 1.52753
135.738 	 0.62308 	 3.98463
135.738 	 0.64 	 8.12934

141.639 	 0.38 	 12.7897
141.639 	 0.397096 	 8.12883
141.639 	 0.414319 	 4.96359
141.639 	 0.431648 	 3.03098
141.639 	 0.44906 	 2.00488
141.639 	 0.466535 	 1.49257
141.639 	 0.484052 	 1.23994
141.639 	 0.501588 	 1.07076
141.639 	 0.519122 	 0.873272
141.639 	 0.536632 	 0.564724
141.639 	 0.554098 	 0.249698
141.639 	 0.571496 	 0.0165439
141.639 	 0.588807 	 0.330504
141.639 	 0.606009 	 1.50502
141.639 	 0.62308 	 3.99416
141.639 	 0.64 	 8.17122

147.541 	 0.38 	 12.4521
147.541 	 0.397096 	 7.83949
147.541 	 0.414319 	 4.72299
147.541 	 0.431648 	 2.83376
147.541 	 0.44906 	 1.85016
147.541 	 0.466535 	 1.37044
147.541 	 0.484052 	 1.15792
147.541 	 0.501588 	 1.01988
147.541 	 0.519122 	 0.85275
147.541 	 0.536632 	 0.550499
147.541 	 0.554098 	 0.243987
147.541 	 0.571496 	 3.84449e-10
147.541 	 0.588807 	 0.318683
147.541 	 0.606009 	 1.51311
147.541 	 0.62308 	 4.0365
147.541 	 0.64 	 8.24754

153.443 	 0.38 	 12.1499
153.443 	 0.397096 	 7.58554
153.443 	 0.414319 	 4.51488
153.443 	 0.431648 	 2.66982
153.443 	 0.44906 	 1.72821
153.443 	 0.466535 	 1.28422
153.443 	 0.484052 	 1.11045
153.443 	 0.501588 	 1.00456
153.443 	 0.519122 	 0.868729
153.443 	 0.536632 	 0.563054
153.443 	 0.554098 	 0.260948
153.443 	 0.571496 	 0.017666
153.443 	 0.588807 	 0.334579
153.443 	 0.606009 	 1.55702
153.443 	 0.62308 	 4.11609
153.443 	 0.64 	 8.36179

159.344 	 0.38 	 11.895
159.344 	 0.397096 	 7.37799
159.344 	 0.414319 	 4.35016
159.344 	 0.431648 	 2.54818
159.344 	 0.44906 	 1.64716
159.344 	 0.466535 	 1.24142
159.344 	 0.484052 	 1.10245
159.344 	 0.501588 	 1.03035
159.344 	 0.519122 	 0.912573
159.344 	 0.536632 	 0.61024
159.344 	 0.554098 	 0.312426
159.344 	 0.571496 	 0.0604923
159.344 	 0.588807 	 0.381043
159.344 	 0.606009 	 1.64076
159.344 	 0.62308 	 4.2363
159.344 	 0.64 	 8.51682

165.246 	 0.38 	 11.6965
165.246 	 0.397096 	 7.22536
165.246 	 0.414319 	 4.23642
165.246 	 0.431648 	 2.47556
165.246 	 0.44906 	 1.61322
165.246 	 0.466535 	 1.24622
165.246 	 0.484052 	 1.13881
165.246 	 0.501588 	 1.10186
165.246 	 0.519122 	 0.998335
165.246 	 0.536632 	 0.690372
165.246 	 0.554098 	 0.393458
165.246 	 0.571496 	 0.141607
165.246 	 0.588807 	 0.469279
165.246 	 0.606009 	 1.76691
165.246 	 0.62308 	 4.39858
165.246 	 0.64 	 8.71324

171.148 	 0.38 	 11.5608
171.148 	 0.397096 	 7.13344
171.148 	 0.414319 	 4.17846
171.148 	 0.431648 	 2.45661
171.148 	 0.44906 	 1.62857
171.148 	 0.466535 	 1.3011
171.148 	 0.484052 	 1.22283
171.148 	 0.501588 	 1.22174
171.148 	 0.519122 	 1.11818
171.148 	 0.536632 	 0.809672
171.148 	 0.554098 	 0.511865
171.148 	 0.571496 	 0.250719
171.148 	 0.588807 	 0.595077
171.148 	 0.606009 	 1.9364
171.148 	 0.62308 	 4.6036
171.148 	 0.64 	 8.95118

177.049 	 0.38 	 11.4911
177.049 	 0.397096 	 7.10163
177.049 	 0.414319 	 4.17876
177.049 	 0.431648 	 2.49232
177.049 	 0.44906 	 1.69476
177.049 	 0.466535 	 1.4076
177.049 	 0.484052 	 1.35567
177.049 	 0.501588 	 1.38999
177.049 	 0.519122 	 1.27551
177.049 	 0.536632 	 0.958414
177.049 	 0.554098 	 0.657283
177.049 	 0.571496 	 0.398879
177.049 	 0.588807 	 0.765184
177.049 	 0.606009 	 2.14876
177.049 	 0.62308 	 4.85027
177.049 	 0.64 	 9.22909

182.951 	 0.38 	 11.4872
182.951 	 0.397096 	 7.12367
182.951 	 0.414319 	 4.23686
182.951 	 0.431648 	 2.58109
182.951 	 0.44906 	 1.81148
182.951 	 0.466535 	 1.56498
182.951 	 0.484052 	 1.53638
182.951 	 0.501588 	 1.58813
182.951 	 0.519122 	 1.47064
182.951 	 0.536632 	 1.14412
182.951 	 0.554098 	 0.838096
182.951 	 0.571496 	 0.569789
182.951 	 0.588807 	 0.975912
182.951 	 0.606009 	 2.39319
182.951 	 0.62308 	 5.13599
182.951 	 0.64 	 9.54397

188.852 	 0.38 	 11.5466
188.852 	 0.397096 	 7.20382
188.852 	 0.414319 	 4.3484
188.852 	 0.431648 	 2.7204
188.852 	 0.44906 	 1.97611
188.852 	 0.466535 	 1.77024
188.852 	 0.484052 	 1.76189
188.852 	 0.501588 	 1.81999
188.852 	 0.519122 	 1.68973
188.852 	 0.536632 	 1.35637
188.852 	 0.554098 	 1.04145
188.852 	 0.571496 	 0.778503
188.852 	 0.588807 	 1.22406
188.852 	 0.606009 	 2.67669
188.852 	 0.62308 	 5.46272
188.852 	 0.64 	 9.89144

194.754 	 0.38 	 11.6638
194.754 	 0.397096 	 7.33619
194.754 	 0.414319 	 4.50825
194.754 	 0.431648 	 2.90545
194.754 	 0.44906 	 2.18382
194.754 	 0.466535 	 2.01832
194.754 	 0.484052 	 2.02713
194.754 	 0.501588 	 2.08056
194.754 	 0.519122 	 1.93728
194.754 	 0.536632 	 1.59162
194.754 	 0.554098 	 1.26795
194.754 	 0.571496 	 1.02062
194.754 	 0.588807 	 1.50489
194.754 	 0.606009 	 2.99152
194.754 	 0.62308 	 5.80707
194.754 	 0.64 	 10.2659

200.656 	 0.38 	 11.8313
200.656 	 0.397096 	 7.51258
200.656 	 0.414319 	 4.70951
200.656 	 0.431648 	 3.12939
200.656 	 0.44906 	 2.42785
200.656 	 0.466535 	 2.30229
200.656 	 0.484052 	 2.31269
200.656 	 0.501588 	 2.35636
200.656 	 0.519122 	 2.2063
200.656 	 0.536632 	 1.84828
200.656 	 0.554098 	 1.51338
200.656 	 0.571496 	 1.29026
200.656 	 0.588807 	 1.81232
200.656 	 0.606009 	 3.33144
200.656 	 0.62308 	 6.17449
200.656 	 0.64 	 10.691

206.557 	 0.38 	 12.0392
206.557 	 0.397096 	 7.72414
206.557 	 0.414319 	 4.94348
206.557 	 0.431648 	 3.38369
206.557 	 0.44906 	 2.69982
206.557 	 0.466535 	 2.61367
206.557 	 0.484052 	 2.61213
206.557 	 0.501588 	 2.64475
206.557 	 0.519122 	 2.48074
206.557 	 0.536632 	 2.11078
206.557 	 0.554098 	 1.76209
206.557 	 0.571496 	 1.58035
206.557 	 0.588807 	 2.13915
206.557 	 0.606009 	 3.68914
206.557 	 0.62308 	 6.54654
206.557 	 0.64 	 11.0948

212.459 	 0.38 	 12.2763
212.459 	 0.397096 	 7.96053
212.459 	 0.414319 	 5.20003
212.459 	 0.431648 	 3.65842
212.459 	 0.44906 	 2.9901
212.459 	 0.466535 	 2.92685
212.459 	 0.484052 	 2.91391
212.459 	 0.501588 	 2.93931
212.459 	 0.519122 	 2.76178
212.459 	 0.536632 	 2.37774
212.459 	 0.554098 	 2.02239
212.459 	 0.571496 	 1.88294
212.459 	 0.588807 	 2.47735
212.459 	 0.606009 	 4.04164
212.459 	 0.62308 	 6.91618
212.459 	 0.64 	 11.4955

218.361 	 0.38 	 12.5306
218.361 	 0.397096 	 8.21052
218.361 	 0.414319 	 5.46812
218.361 	 0.431648 	 3.9428
218.361 	 0.44906 	 3.28813
218.361 	 0.466535 	 3.22514
218.361 	 0.484052 	 3.2071
218.361 	 0.501588 	 3.22527
218.361 	 0.519122 	 3.03932
218.361 	 0.536632 	 2.6422
218.361 	 0.554098 	 2.28727
218.361 	 0.571496 	 2.18946
218.361 	 0.588807 	 2.81835
218.361 	 0.606009 	 4.38584
218.361 	 0.62308 	 7.28371
218.361 	 0.64 	 11.881

224.262 	 0.38 	 12.7749
224.262 	 0.397096 	 8.46246
224.262 	 0.414319 	 5.73639
224.262 	 0.431648 	 4.22571
224.262 	 0.44906 	 3.58313
224.262 	 0.466535 	 3.50974
224.262 	 0.484052 	 3.48794
224.262 	 0.501588 	 3.49709
224.262 	 0.519122 	 3.29847
224.262 	 0.536632 	 2.88747
224.262 	 0.554098 	 2.54797
224.262 	 0.571496 	 2.49112
224.262 	 0.588807 	 3.15335
224.262 	 0.606009 	 4.72127
224.262 	 0.62308 	 7.64077
224.262 	 0.64 	 12.2542

230.164 	 0.38 	 13.0018
230.164 	 0.397096 	 8.70481
230.164 	 0.414319 	 5.99354
230.164 	 0.431648 	 4.49619
230.164 	 0.44906 	 3.86039
230.164 	 0.466535 	 3.7654
230.164 	 0.484052 	 3.74459
230.164 	 0.501588 	 3.75006
230.164 	 0.519122 	 3.54017
230.164 	 0.536632 	 3.12014
230.164 	 0.554098 	 2.79587
230.164 	 0.571496 	 2.77923
230.164 	 0.588807 	 3.46801
230.164 	 0.606009 	 5.03961
230.164 	 0.62308 	 7.97916
230.164 	 0.64 	 12.607

236.066 	 0.38 	 13.2096
236.066 	 0.397096 	 8.92661
236.066 	 0.414319 	 6.22891
236.066 	 0.431648 	 4.74382
236.066 	 0.44906 	 4.10252
236.066 	 0.466535 	 3.98913
236.066 	 0.484052 	 3.96711
236.066 	 0.501588 	 3.96665
236.066 	 0.519122 	 3.74965
236.066 	 0.536632 	 3.33319
236.066 	 0.554098 	 3.02276
236.066 	 0.571496 	 3.04552
236.066 	 0.588807 	 3.73596
236.066 	 0.606009 	 5.33298
236.066 	 0.62308 	 8.29113
236.066 	 0.64 	 12.9318

241.967 	 0.38 	 13.3882
241.967 	 0.397096 	 9.11796
241.967 	 0.414319 	 6.43281
241.967 	 0.431648 	 4.95918
241.967 	 0.44906 	 4.30311
241.967 	 0.466535 	 4.17507
241.967 	 0.484052 	 4.15537
241.967 	 0.501588 	 4.15036
241.967 	 0.519122 	 3.92482
241.967 	 0.536632 	 3.51897
241.967 	 0.554098 	 3.2212
241.967 	 0.571496 	 3.28246
241.967 	 0.588807 	 3.973
241.967 	 0.606009 	 5.59419
241.967 	 0.62308 	 8.56957
241.967 	 0.64 	 13.2217

247.869 	 0.38 	 13.529
247.869 	 0.397096 	 9.27039
247.869 	 0.414319 	 6.59697
247.869 	 0.431648 	 5.12372
247.869 	 0.44906 	 4.45999
247.869 	 0.466535 	 4.31048
247.869 	 0.484052 	 4.29376
247.869 	 0.501588 	 4.28912
247.869 	 0.519122 	 4.0588
247.869 	 0.536632 	 3.6709
247.869 	 0.554098 	 3.38475
247.869 	 0.571496 	 3.4835
247.869 	 0.588807 	 4.17284
247.869 	 0.606009 	 5.81697
247.869 	 0.62308 	 8.80831
247.869 	 0.64 	 13.4706

253.77 	 0.38 	 13.6252
253.77 	 0.397096 	 9.37717
253.77 	 0.414319 	 6.7148
253.77 	 0.431648 	 5.23999
253.77 	 0.44906 	 4.56094
253.77 	 0.466535 	 4.40149
253.77 	 0.484052 	 4.38909
253.77 	 0.501588 	 4.38353
253.77 	 0.519122 	 4.15446
253.77 	 0.536632 	 3.78369
253.77 	 0.554098 	 3.50825
253.77 	 0.571496 	 3.64327
253.77 	 0.588807 	 4.33037
253.77 	 0.606009 	 5.99616
253.77 	 0.62308 	 9.00222
253.77 	 0.64 	 13.6736

259.672 	 0.38 	 13.6718
259.672 	 0.397096 	 9.43356
259.672 	 0.414319 	 6.78162
259.672 	 0.431648 	 5.29636
259.672 	 0.44906 	 4.61258
259.672 	 0.466535 	 4.434
259.672 	 0.484052 	 4.42897
259.672 	 0.501588 	 4.42681
259.672 	 0.519122 	 4.208
259.672 	 0.536632 	 3.85349
259.672 	 0.554098 	 3.5879
259.672 	 0.571496 	 3.75778
259.672 	 0.588807 	 4.44177
259.672 	 0.606009 	 6.12789
259.672 	 0.62308 	 9.14741
259.672 	 0.64 	 13.8267

265.574 	 0.38 	 13.6663
265.574 	 0.397096 	 9.43692
265.574 	 0.414319 	 6.78609
265.574 	 0.431648 	 5.30021
265.574 	 0.44906 	 4.606
265.574 	 0.466535 	 4.41865
265.574 	 0.484052 	 4.42254
265.574 	 0.501588 	 4.42139
265.574 	 0.519122 	 4.18814
265.574 	 0.536632 	 3.87802
265.574 	 0.554098 	 3.62141
265.574 	 0.571496 	 3.82444
265.574 	 0.588807 	 4.5046
265.574 	 0.606009 	 6.20958
265.574 	 0.62308 	 9.24129
265.574 	 0.64 	 13.9273

271.475 	 0.38 	 13.5972
271.475 	 0.397096 	 9.38678
271.475 	 0.414319 	 6.73735
271.475 	 0.431648 	 5.24841
271.475 	 0.44906 	 4.54793
271.475 	 0.466535 	 4.34954
271.475 	 0.484052 	 4.36261
271.475 	 0.501588 	 4.34392
271.475 	 0.519122 	 4.12109
271.475 	 0.536632 	 3.85657
271.475 	 0.554098 	 3.60801
271.475 	 0.571496 	 3.81298
271.475 	 0.588807 	 4.51785
271.475 	 0.606009 	 6.24009
271.475 	 0.62308 	 9.28259
271.475 	 0.64 	 13.9743

277.377 	 0.38 	 13.481
277.377 	 0.397096 	 9.28474
277.377 	 0.414319 	 6.63731
277.377 	 0.431648 	 5.14323
277.377 	 0.44906 	 4.44193
277.377 	 0.466535 	 4.23195
277.377 	 0.484052 	 4.25646
277.377 	 0.501588 	 4.22276
277.377 	 0.519122 	 4.01179
277.377 	 0.536632 	 3.78999
277.377 	 0.554098 	 3.54843
277.377 	 0.571496 	 3.75445
277.377 	 0.588807 	 4.48193
277.377 	 0.606009 	 6.21962
277.377 	 0.62308 	 9.27141
277.377 	 0.64 	 13.9675

283.279 	 0.38 	 13.317
283.279 	 0.397096 	 9.1344
283.279 	 0.414319 	 6.48515
283.279 	 0.431648 	 4.99243
283.279 	 0.44906 	 4.2868
283.279 	 0.466535 	 4.07242
283.279 	 0.484052 	 4.10943
283.279 	 0.501588 	 4.05748
283.279 	 0.519122 	 3.86309
283.279 	 0.536632 	 3.6723
283.279 	 0.554098 	 3.44481
283.279 	 0.571496 	 3.65091
283.279 	 0.588807 	 4.39858
283.279 	 0.606009 	 6.14969
283.279 	 0.62308 	 9.2091
283.279 	 0.64 	 13.9083

289.18 	 0.38 	 13.1111
289.18 	 0.397096 	 8.92187
289.18 	 0.414319 	 6.29159
289.18 	 0.431648 	 4.80102
289.18 	 0.44906 	 4.09243
289.18 	 0.466535 	 3.87567
289.18 	 0.484052 	 3.926
289.18 	 0.501588 	 3.85907
289.18 	 0.519122 	 3.67915
289.18 	 0.536632 	 3.49817
289.18 	 0.554098 	 3.3006
289.18 	 0.571496 	 3.50566
289.18 	 0.588807 	 4.2708
289.18 	 0.606009 	 6.03306
289.18 	 0.62308 	 9.09825
289.18 	 0.64 	 13.7991

295.082 	 0.38 	 12.8709
295.082 	 0.397096 	 8.68285
295.082 	 0.414319 	 6.06371
295.082 	 0.431648 	 4.57544
295.082 	 0.44906 	 3.86611
295.082 	 0.466535 	 3.64772
295.082 	 0.484052 	 3.71154
295.082 	 0.501588 	 3.63323
295.082 	 0.519122 	 3.46532
295.082 	 0.536632 	 3.29205
295.082 	 0.554098 	 3.12042
295.082 	 0.571496 	 3.32312
295.082 	 0.588807 	 4.10269
295.082 	 0.606009 	 5.87359
295.082 	 0.62308 	 8.9425
295.082 	 0.64 	 13.6433

300.984 	 0.38 	 12.6054
300.984 	 0.397096 	 8.4158
300.984 	 0.414319 	 5.78952
300.984 	 0.431648 	 4.32133
300.984 	 0.44906 	 3.61518
300.984 	 0.466535 	 3.39527
300.984 	 0.484052 	 3.4731
300.984 	 0.501588 	 3.38662
300.984 	 0.519122 	 3.2279
300.984 	 0.536632 	 3.05993
300.984 	 0.554098 	 2.90982
300.984 	 0.571496 	 3.10866
300.984 	 0.588807 	 3.89932
300.984 	 0.606009 	 5.67608
300.984 	 0.62308 	 8.74647
300.984 	 0.64 	 13.4455

306.885 	 0.38 	 12.3245
306.885 	 0.397096 	 8.13023
306.885 	 0.414319 	 5.50823
306.885 	 0.431648 	 4.03826
306.885 	 0.44906 	 3.34788
306.885 	 0.466535 	 3.12737
306.885 	 0.484052 	 3.21977
306.885 	 0.501588 	 3.12667
306.885 	 0.519122 	 2.97395
306.885 	 0.536632 	 2.80855
306.885 	 0.554098 	 2.67516
306.885 	 0.571496 	 2.86841
306.885 	 0.588807 	 3.66652
306.885 	 0.606009 	 5.44612
306.885 	 0.62308 	 8.51554
306.885 	 0.64 	 13.0999

312.787 	 0.38 	 12.0388
312.787 	 0.397096 	 7.83635
312.787 	 0.414319 	 5.21847
312.787 	 0.431648 	 3.74857
312.787 	 0.44906 	 3.07301
312.787 	 0.466535 	 2.85133
312.787 	 0.484052 	 2.95058
312.787 	 0.501588 	 2.8613
312.787 	 0.519122 	 2.71106
312.787 	 0.536632 	 2.5452
312.787 	 0.554098 	 2.42334
312.787 	 0.571496 	 2.60907
312.787 	 0.588807 	 3.41071
312.787 	 0.606009 	 5.18989
312.787 	 0.62308 	 8.2557
312.787 	 0.64 	 12.8176

318.689 	 0.38 	 11.7592
318.689 	 0.397096 	 7.54471
318.689 	 0.414319 	 4.92249
318.689 	 0.431648 	 3.45045
318.689 	 0.44906 	 2.78772
318.689 	 0.466535 	 2.57629
318.689 	 0.484052 	 2.67707
318.689 	 0.501588 	 2.5987
318.689 	 0.519122 	 2.44709
318.689 	 0.536632 	 2.27745
318.689 	 0.554098 	 2.16163
318.689 	 0.571496 	 2.33769
318.689 	 0.588807 	 3.1387
318.689 	 0.606009 	 4.91402
318.689 	 0.62308 	 7.88626
318.689 	 0.64 	 12.5107

324.59 	 0.38 	 11.4968
324.59 	 0.397096 	 7.2659
324.59 	 0.414319 	 4.63464
324.59 	 0.431648 	 3.16188
324.59 	 0.44906 	 2.50842
324.59 	 0.466535 	 2.31105
324.59 	 0.484052 	 2.41377
324.59 	 0.501588 	 2.34619
324.59 	 0.519122 	 2.18999
324.59 	 0.536632 	 2.01298
324.59 	 0.554098 	 1.89745
324.59 	 0.571496 	 2.06148
324.59 	 0.588807 	 2.8575
324.59 	 0.606009 	 4.5705
324.59 	 0.62308 	 7.57278
324.59 	 0.64 	 12.1861

330.492 	 0.38 	 11.262
330.492 	 0.397096 	 7.01018
330.492 	 0.414319 	 4.36246
330.492 	 0.431648 	 2.89112
330.492 	 0.44906 	 2.24756
330.492 	 0.466535 	 2.05271
330.492 	 0.484052 	 2.16233
330.492 	 0.501588 	 2.10435
330.492 	 0.519122 	 1.94753
330.492 	 0.536632 	 1.75935
330.492 	 0.554098 	 1.6381
330.492 	 0.571496 	 1.78762
330.492 	 0.588807 	 2.57411
330.492 	 0.606009 	 4.26179
330.492 	 0.62308 	 7.25092
330.492 	 0.64 	 11.8507

336.393 	 0.38 	 11.0647
336.393 	 0.397096 	 6.7872
336.393 	 0.414319 	 4.11629
336.393 	 0.431648 	 2.64533
336.393 	 0.44906 	 2.00686
336.393 	 0.466535 	 1.81332
336.393 	 0.484052 	 1.9365
336.393 	 0.501588 	 1.88709
336.393 	 0.519122 	 1.72708
336.393 	 0.536632 	 1.52378
336.393 	 0.554098 	 1.39066
336.393 	 0.571496 	 1.52303
336.393 	 0.588807 	 2.25261
336.393 	 0.606009 	 3.95469
336.393 	 0.62308 	 6.92758
336.393 	 0.64 	 11.5114

342.295 	 0.38 	 10.9138
342.295 	 0.397096 	 6.60569
342.295 	 0.414319 	 3.90852
342.295 	 0.431648 	 2.42747
342.295 	 0.44906 	 1.79416
342.295 	 0.466535 	 1.6059
342.295 	 0.484052 	 1.72684
342.295 	 0.501588 	 1.68714
342.295 	 0.519122 	 1.52893
342.295 	 0.536632 	 1.31292
342.295 	 0.554098 	 1.13744
342.295 	 0.571496 	 1.25062
342.295 	 0.588807 	 1.97347
342.295 	 0.606009 	 3.65581
342.295 	 0.62308 	 6.60933
342.295 	 0.64 	 11.1746

348.197 	 0.38 	 10.8167
348.197 	 0.397096 	 6.47315
348.197 	 0.414319 	 3.7466
348.197 	 0.431648 	 2.24247
348.197 	 0.44906 	 1.60982
348.197 	 0.466535 	 1.4241
348.197 	 0.484052 	 1.55214
348.197 	 0.501588 	 1.51817
348.197 	 0.519122 	 1.36621
348.197 	 0.536632 	 1.12068
348.197 	 0.554098 	 0.924588
348.197 	 0.571496 	 1.01403
348.197 	 0.588807 	 1.71253
348.197 	 0.606009 	 3.37128
348.197 	 0.62308 	 6.30226
348.197 	 0.64 	 10.8464

354.098 	 0.38 	 10.7794
354.098 	 0.397096 	 6.39556
354.098 	 0.414319 	 3.6366
354.098 	 0.431648 	 2.09922
354.098 	 0.44906 	 1.46177
354.098 	 0.466535 	 1.2779
354.098 	 0.484052 	 1.40756
354.098 	 0.501588 	 1.38
354.098 	 0.519122 	 1.23385
354.098 	 0.536632 	 0.970302
354.098 	 0.554098 	 0.742673
354.098 	 0.571496 	 0.805606
354.098 	 0.588807 	 1.47513
354.098 	 0.606009 	 3.10646
354.098 	 0.62308 	 6.01179
354.098 	 0.64 	 10.5322

360 	 0.38 	 10.8057
360 	 0.397096 	 6.37718
360 	 0.414319 	 3.58209
360 	 0.431648 	 2.00806
360 	 0.44906 	 1.34812
360 	 0.466535 	 1.16842
360 	 0.484052 	 1.30076
360 	 0.501588 	 1.27872
360 	 0.519122 	 1.13803
360 	 0.536632 	 0.861104
360 	 0.554098 	 0.595898
360 	 0.571496 	 0.629656
360 	 0.588807 	 1.2657
360 	 0.606009 	 2.86589
360 	 0.62308 	 5.74254
360 	 0.64 	 10.2369

