0 	 0.36 	 12.0241
0 	 0.374969 	 6.85916
0 	 0.390059 	 3.5204
0 	 0.405255 	 1.66247
0 	 0.420542 	 0.972425
0 	 0.435906 	 0.65277
0 	 0.451332 	 0.392442
0 	 0.466804 	 0.615726
0 	 0.482309 	 0.798662
0 	 0.497831 	 0.661441
0 	 0.513354 	 0.651421
0 	 0.528865 	 0.719693
0 	 0.544348 	 0.800937
0 	 0.559788 	 0.775191
0 	 0.575171 	 0.858632
0 	 0.590481 	 1.53593
0 	 0.605704 	 2.31252
0 	 0.620825 	 3.55957
0 	 0.635829 	 6.06471
0 	 0.650703 	 10.0119
0 	 0.665431 	 15.6836
0 	 0.68 	 23.3456

5.90164 	 0.36 	 12.12
5.90164 	 0.374969 	 6.90718
5.90164 	 0.390059 	 3.52363
5.90164 	 0.405255 	 1.63381
5.90164 	 0.420542 	 0.905719
5.90164 	 0.435906 	 0.566672
5.90164 	 0.451332 	 0.301442
5.90164 	 0.466804 	 0.519343
5.90164 	 0.482309 	 0.712993
5.90164 	 0.497831 	 0.589491
5.90164 	 0.513354 	 0.576678
5.90164 	 0.528865 	 0.648954
5.90164 	 0.544348 	 0.676061
5.90164 	 0.559788 	 0.60881
5.90164 	 0.575171 	 0.663701
5.90164 	 0.590481 	 1.30384
5.90164 	 0.605704 	 2.03085
5.90164 	 0.620825 	 3.24457
5.90164 	 0.635829 	 5.71881
5.90164 	 0.650703 	 9.62703
5.90164 	 0.665431 	 15.2734
5.90164 	 0.68 	 22.9126

11.8033 	 0.36 	 12.3019
11.8033 	 0.374969 	 7.0358
11.8033 	 0.390059 	 3.60217
11.8033 	 0.405255 	 1.678
11.8033 	 0.420542 	 0.907006
11.8033 	 0.435906 	 0.538433
11.8033 	 0.451332 	 0.249155
11.8033 	 0.466804 	 0.459433
11.8033 	 0.482309 	 0.658005
11.8033 	 0.497831 	 0.551963
11.8033 	 0.513354 	 0.535758
11.8033 	 0.528865 	 0.605622
11.8033 	 0.544348 	 0.5964
11.8033 	 0.559788 	 0.481822
11.8033 	 0.575171 	 0.506502
11.8033 	 0.590481 	 1.10521
11.8033 	 0.605704 	 1.78139
11.8033 	 0.620825 	 2.95855
11.8033 	 0.635829 	 5.39955
11.8033 	 0.650703 	 9.26431
11.8033 	 0.665431 	 14.8841
11.8033 	 0.68 	 22.4994

17.7049 	 0.36 	 12.5694
17.7049 	 0.374969 	 7.24551
17.7049 	 0.390059 	 3.75677
17.7049 	 0.405255 	 1.79634
17.7049 	 0.420542 	 0.978076
17.7049 	 0.435906 	 0.568963
17.7049 	 0.451332 	 0.240379
17.7049 	 0.466804 	 0.433358
17.7049 	 0.482309 	 0.637374
17.7049 	 0.497831 	 0.545755
17.7049 	 0.513354 	 0.525795
17.7049 	 0.528865 	 0.591054
17.7049 	 0.544348 	 0.563205
17.7049 	 0.559788 	 0.395814
17.7049 	 0.575171 	 0.388897
17.7049 	 0.590481 	 0.942206
17.7049 	 0.605704 	 1.5674
17.7049 	 0.620825 	 2.7053
17.7049 	 0.635829 	 5.10989
17.7049 	 0.650703 	 8.92779
17.7049 	 0.665431 	 14.52
17.7049 	 0.68 	 22.1106

23.6066 	 0.36 	 12.9187
23.6066 	 0.374969 	 7.53366
23.6066 	 0.390059 	 3.98591
23.6066 	 0.405255 	 1.9731
23.6066 	 0.420542 	 1.11844
23.6066 	 0.435906 	 0.656962
23.6066 	 0.451332 	 0.286728
23.6066 	 0.466804 	 0.437553
23.6066 	 0.482309 	 0.648275
23.6066 	 0.497831 	 0.563501
23.6066 	 0.513354 	 0.542953
23.6066 	 0.528865 	 0.603705
23.6066 	 0.544348 	 0.572252
23.6066 	 0.559788 	 0.35087
23.6066 	 0.575171 	 0.311325
23.6066 	 0.590481 	 0.815642
23.6066 	 0.605704 	 1.39113
23.6066 	 0.620825 	 2.48727
23.6066 	 0.635829 	 4.83454
23.6066 	 0.650703 	 8.62048
23.6066 	 0.665431 	 14.1842
23.6066 	 0.68 	 21.7495

29.5082 	 0.36 	 13.3433
29.5082 	 0.374969 	 7.8945
29.5082 	 0.390059 	 4.28499
29.5082 	 0.405255 	 2.21285
29.5082 	 0.420542 	 1.32521
29.5082 	 0.435906 	 0.798923
29.5082 	 0.451332 	 0.385492
29.5082 	 0.466804 	 0.47508
29.5082 	 0.482309 	 0.686262
29.5082 	 0.497831 	 0.603336
29.5082 	 0.513354 	 0.579028
29.5082 	 0.528865 	 0.639192
29.5082 	 0.544348 	 0.604571
29.5082 	 0.559788 	 0.345567
29.5082 	 0.575171 	 0.272755
29.5082 	 0.590481 	 0.725003
29.5082 	 0.605704 	 1.25339
29.5082 	 0.620825 	 2.3056
29.5082 	 0.635829 	 4.59111
29.5082 	 0.650703 	 8.34426
29.5082 	 0.665431 	 13.879
29.5082 	 0.68 	 21.4186

35.4098 	 0.36 	 13.8334
35.4098 	 0.374969 	 8.31943
35.4098 	 0.390059 	 4.64643
35.4098 	 0.405255 	 2.51304
35.4098 	 0.420542 	 1.59332
35.4098 	 0.435906 	 0.989174
35.4098 	 0.451332 	 0.531843
35.4098 	 0.466804 	 0.556933
35.4098 	 0.482309 	 0.746142
35.4098 	 0.497831 	 0.661293
35.4098 	 0.513354 	 0.631412
35.4098 	 0.528865 	 0.690028
35.4098 	 0.544348 	 0.654072
35.4098 	 0.559788 	 0.377031
35.4098 	 0.575171 	 0.270728
35.4098 	 0.590481 	 0.668228
35.4098 	 0.605704 	 1.15355
35.4098 	 0.620825 	 2.16011
35.4098 	 0.635829 	 4.37997
35.4098 	 0.650703 	 8.09986
35.4098 	 0.665431 	 13.6054
35.4098 	 0.68 	 21.1192

41.3115 	 0.36 	 14.3762
41.3115 	 0.374969 	 8.79698
41.3115 	 0.390059 	 5.05996
41.3115 	 0.405255 	 2.86459
41.3115 	 0.420542 	 1.88644
41.3115 	 0.435906 	 1.21998
41.3115 	 0.451332 	 0.718989
41.3115 	 0.466804 	 0.677111
41.3115 	 0.482309 	 0.829887
41.3115 	 0.497831 	 0.73166
41.3115 	 0.513354 	 0.696294
41.3115 	 0.528865 	 0.750134
41.3115 	 0.544348 	 0.719323
41.3115 	 0.559788 	 0.426669
41.3115 	 0.575171 	 0.301381
41.3115 	 0.590481 	 0.642173
41.3115 	 0.605704 	 1.08959
41.3115 	 0.620825 	 2.0372
41.3115 	 0.635829 	 4.20027
41.3115 	 0.650703 	 7.88686
41.3115 	 0.665431 	 13.3635
41.3115 	 0.68 	 20.8518

47.2131 	 0.36 	 14.9563
47.2131 	 0.374969 	 9.31305
47.2131 	 0.390059 	 5.51283
47.2131 	 0.405255 	 3.25595
47.2131 	 0.420542 	 2.21907
47.2131 	 0.435906 	 1.48175
47.2131 	 0.451332 	 0.938385
47.2131 	 0.466804 	 0.828167
47.2131 	 0.482309 	 0.915613
47.2131 	 0.497831 	 0.809011
47.2131 	 0.513354 	 0.768262
47.2131 	 0.528865 	 0.817812
47.2131 	 0.544348 	 0.795079
47.2131 	 0.559788 	 0.485568
47.2131 	 0.575171 	 0.359635
47.2131 	 0.590481 	 0.642568
47.2131 	 0.605704 	 1.03803
47.2131 	 0.620825 	 1.92538
47.2131 	 0.635829 	 4.05006
47.2131 	 0.650703 	 7.70383
47.2131 	 0.665431 	 13.1521
47.2131 	 0.68 	 20.6158

53.1148 	 0.36 	 15.5454
53.1148 	 0.374969 	 9.85129
53.1148 	 0.390059 	 5.9901
53.1148 	 0.405255 	 3.67355
53.1148 	 0.420542 	 2.57954
53.1148 	 0.435906 	 1.76335
53.1148 	 0.451332 	 1.17986
53.1148 	 0.466804 	 1.00116
53.1148 	 0.482309 	 1.01646
53.1148 	 0.497831 	 0.8874
53.1148 	 0.513354 	 0.842394
53.1148 	 0.528865 	 0.888344
53.1148 	 0.544348 	 0.876212
53.1148 	 0.559788 	 0.546936
53.1148 	 0.575171 	 0.421065
53.1148 	 0.590481 	 0.664084
53.1148 	 0.605704 	 0.996726
53.1148 	 0.620825 	 1.83936
53.1148 	 0.635829 	 3.92642
53.1148 	 0.650703 	 7.54842
53.1148 	 0.665431 	 12.9696
53.1148 	 0.68 	 20.4098

59.0164 	 0.36 	 16.1138
59.0164 	 0.374969 	 10.3936
59.0164 	 0.390059 	 6.47514
59.0164 	 0.405255 	 4.10217
59.0164 	 0.420542 	 2.95393
59.0164 	 0.435906 	 2.05254
59.0164 	 0.451332 	 1.43228
59.0164 	 0.466804 	 1.18611
59.0164 	 0.482309 	 1.1239
59.0164 	 0.497831 	 0.976062
59.0164 	 0.513354 	 0.906815
59.0164 	 0.528865 	 0.953528
59.0164 	 0.544348 	 0.953725
59.0164 	 0.559788 	 0.60125
59.0164 	 0.575171 	 0.484889
59.0164 	 0.590481 	 0.700656
59.0164 	 0.605704 	 0.975694
59.0164 	 0.620825 	 1.77475
59.0164 	 0.635829 	 3.82567
59.0164 	 0.650703 	 7.41756
59.0164 	 0.665431 	 12.8134
59.0164 	 0.68 	 20.2319

64.918 	 0.36 	 16.6593
64.918 	 0.374969 	 10.9211
64.918 	 0.390059 	 6.95031
64.918 	 0.405255 	 4.52551
64.918 	 0.420542 	 3.32728
64.918 	 0.435906 	 2.33652
64.918 	 0.451332 	 1.68384
64.918 	 0.466804 	 1.37245
64.918 	 0.482309 	 1.22925
64.918 	 0.497831 	 1.05333
64.918 	 0.513354 	 0.963555
64.918 	 0.528865 	 1.00769
64.918 	 0.544348 	 1.02956
64.918 	 0.559788 	 0.651327
64.918 	 0.575171 	 0.543008
64.918 	 0.590481 	 0.744943
64.918 	 0.605704 	 0.96917
64.918 	 0.620825 	 1.72663
64.918 	 0.635829 	 3.7436
64.918 	 0.650703 	 7.30773
64.918 	 0.665431 	 12.6806
64.918 	 0.68 	 20.0798

70.8197 	 0.36 	 17.1616
70.8197 	 0.374969 	 11.4144
70.8197 	 0.390059 	 7.39772
70.8197 	 0.405255 	 4.92696
70.8197 	 0.420542 	 3.6842
70.8197 	 0.435906 	 2.60245
70.8197 	 0.451332 	 1.92132
70.8197 	 0.466804 	 1.54956
70.8197 	 0.482309 	 1.32413
70.8197 	 0.497831 	 1.10542
70.8197 	 0.513354 	 1.01712
70.8197 	 0.528865 	 1.02364
70.8197 	 0.544348 	 1.05238
70.8197 	 0.559788 	 0.691731
70.8197 	 0.575171 	 0.589169
70.8197 	 0.590481 	 0.773062
70.8197 	 0.605704 	 0.971122
70.8197 	 0.620825 	 1.6898
70.8197 	 0.635829 	 3.6758
70.8197 	 0.650703 	 7.21518
70.8197 	 0.665431 	 12.5681
70.8197 	 0.68 	 19.9508

76.7213 	 0.36 	 17.6019
76.7213 	 0.374969 	 11.8553
76.7213 	 0.390059 	 7.80015
76.7213 	 0.405255 	 5.2904
76.7213 	 0.420542 	 4.00969
76.7213 	 0.435906 	 2.83832
76.7213 	 0.451332 	 2.09714
76.7213 	 0.466804 	 1.70733
76.7213 	 0.482309 	 1.40098
76.7213 	 0.497831 	 1.14414
76.7213 	 0.513354 	 1.05465
76.7213 	 0.528865 	 1.03394
76.7213 	 0.544348 	 1.06415
76.7213 	 0.559788 	 0.718329
76.7213 	 0.575171 	 0.616649
76.7213 	 0.590481 	 0.799175
76.7213 	 0.605704 	 0.984714
76.7213 	 0.620825 	 1.67174
76.7213 	 0.635829 	 3.63457
76.7213 	 0.650703 	 7.15767
76.7213 	 0.665431 	 12.4948
76.7213 	 0.68 	 19.8425

82.623 	 0.36 	 17.9632
82.623 	 0.374969 	 12.2225
82.623 	 0.390059 	 8.14192
82.623 	 0.405255 	 5.60108
82.623 	 0.420542 	 4.28986
82.623 	 0.435906 	 3.03346
82.623 	 0.451332 	 2.23825
82.623 	 0.466804 	 1.83679
82.623 	 0.482309 	 1.45351
82.623 	 0.497831 	 1.16399
82.623 	 0.513354 	 1.04682
82.623 	 0.528865 	 1.01262
82.623 	 0.544348 	 1.05024
82.623 	 0.559788 	 0.726894
82.623 	 0.575171 	 0.614019
82.623 	 0.590481 	 0.807268
82.623 	 0.605704 	 0.984243
82.623 	 0.620825 	 1.64036
82.623 	 0.635829 	 3.58004
82.623 	 0.650703 	 7.08606
82.623 	 0.665431 	 12.383
82.623 	 0.68 	 19.782

88.5246 	 0.36 	 18.2319
88.5246 	 0.374969 	 12.4717
88.5246 	 0.390059 	 8.40982
88.5246 	 0.405255 	 5.84644
88.5246 	 0.420542 	 4.51286
88.5246 	 0.435906 	 3.1792
88.5246 	 0.451332 	 2.33697
88.5246 	 0.466804 	 1.93063
88.5246 	 0.482309 	 1.47716
88.5246 	 0.497831 	 1.1644
88.5246 	 0.513354 	 1.01953
88.5246 	 0.528865 	 0.977749
88.5246 	 0.544348 	 1.02286
88.5246 	 0.559788 	 0.71236
88.5246 	 0.575171 	 0.586781
88.5246 	 0.590481 	 0.801029
88.5246 	 0.605704 	 0.976534
88.5246 	 0.620825 	 1.60702
88.5246 	 0.635829 	 3.52863
88.5246 	 0.650703 	 7.02243
88.5246 	 0.665431 	 12.3094
88.5246 	 0.68 	 19.7053

94.4262 	 0.36 	 18.398
94.4262 	 0.374969 	 12.6281
94.4262 	 0.390059 	 8.59389
94.4262 	 0.405255 	 6.0169
94.4262 	 0.420542 	 4.66948
94.4262 	 0.435906 	 3.26947
94.4262 	 0.451332 	 2.388
94.4262 	 0.466804 	 1.98472
94.4262 	 0.482309 	 1.46939
94.4262 	 0.497831 	 1.13527
94.4262 	 0.513354 	 0.973823
94.4262 	 0.528865 	 0.923749
94.4262 	 0.544348 	 0.973879
94.4262 	 0.559788 	 0.683555
94.4262 	 0.575171 	 0.540842
94.4262 	 0.590481 	 0.7788
94.4262 	 0.605704 	 0.955016
94.4262 	 0.620825 	 1.56905
94.4262 	 0.635829 	 3.47823
94.4262 	 0.650703 	 6.96512
94.4262 	 0.665431 	 12.2189
94.4262 	 0.68 	 19.6445

100.328 	 0.36 	 18.4564
100.328 	 0.374969 	 12.6864
100.328 	 0.390059 	 8.68806
100.328 	 0.405255 	 6.10646
100.328 	 0.420542 	 4.75383
100.328 	 0.435906 	 3.27186
100.328 	 0.451332 	 2.3888
100.328 	 0.466804 	 1.99367
100.328 	 0.482309 	 1.42989
100.328 	 0.497831 	 1.08145
100.328 	 0.513354 	 0.909897
100.328 	 0.528865 	 0.853918
100.328 	 0.544348 	 0.913412
100.328 	 0.559788 	 0.641435
100.328 	 0.575171 	 0.483125
100.328 	 0.590481 	 0.742696
100.328 	 0.605704 	 0.914952
100.328 	 0.620825 	 1.52508
100.328 	 0.635829 	 3.42787
100.328 	 0.650703 	 6.9135
100.328 	 0.665431 	 12.1407
100.328 	 0.68 	 19.5994

106.23 	 0.36 	 18.4067
106.23 	 0.374969 	 12.6459
106.23 	 0.390059 	 8.69053
106.23 	 0.405255 	 6.11308
106.23 	 0.420542 	 4.74345
106.23 	 0.435906 	 3.21034
106.23 	 0.451332 	 2.33978
106.23 	 0.466804 	 1.95955
106.23 	 0.482309 	 1.3607
106.23 	 0.497831 	 1.00505
106.23 	 0.513354 	 0.829883
106.23 	 0.528865 	 0.774127
106.23 	 0.544348 	 0.843435
106.23 	 0.559788 	 0.584978
106.23 	 0.575171 	 0.414619
106.23 	 0.590481 	 0.687051
106.23 	 0.605704 	 0.865162
106.23 	 0.620825 	 1.47523
106.23 	 0.635829 	 3.37794
106.23 	 0.650703 	 6.8681
106.23 	 0.665431 	 12.0756
106.23 	 0.68 	 19.5709

112.131 	 0.36 	 18.2536
112.131 	 0.374969 	 12.5106
112.131 	 0.390059 	 8.59218
112.131 	 0.405255 	 6.03889
112.131 	 0.420542 	 4.61134
112.131 	 0.435906 	 3.09609
112.131 	 0.451332 	 2.24435
112.131 	 0.466804 	 1.88518
112.131 	 0.482309 	 1.26607
112.131 	 0.497831 	 0.910166
112.131 	 0.513354 	 0.737752
112.131 	 0.528865 	 0.688161
112.131 	 0.544348 	 0.767529
112.131 	 0.559788 	 0.517972
112.131 	 0.575171 	 0.337983
112.131 	 0.590481 	 0.605338
112.131 	 0.605704 	 0.807162
112.131 	 0.620825 	 1.42113
112.131 	 0.635829 	 3.33013
112.131 	 0.650703 	 6.8125
112.131 	 0.665431 	 12.0258
112.131 	 0.68 	 19.5604

118.033 	 0.36 	 18.0063
118.033 	 0.374969 	 12.2887
118.033 	 0.390059 	 8.39178
118.033 	 0.405255 	 5.89005
118.033 	 0.420542 	 4.42755
118.033 	 0.435906 	 2.93605
118.033 	 0.451332 	 2.1087
118.033 	 0.466804 	 1.77223
118.033 	 0.482309 	 1.15226
118.033 	 0.497831 	 0.802748
118.033 	 0.513354 	 0.639117
118.033 	 0.528865 	 0.601284
118.033 	 0.544348 	 0.690698
118.033 	 0.559788 	 0.447634
118.033 	 0.575171 	 0.257427
118.033 	 0.590481 	 0.521403
118.033 	 0.605704 	 0.744066
118.033 	 0.620825 	 1.36588
118.033 	 0.635829 	 3.28742
118.033 	 0.650703 	 6.76037
118.033 	 0.665431 	 11.9943
118.033 	 0.68 	 19.5703

123.934 	 0.36 	 17.6781
123.934 	 0.374969 	 11.9928
123.934 	 0.390059 	 8.12394
123.934 	 0.405255 	 5.67636
123.934 	 0.420542 	 4.20248
123.934 	 0.435906 	 2.73974
123.934 	 0.451332 	 1.94151
123.934 	 0.466804 	 1.61395
123.934 	 0.482309 	 1.02721
123.934 	 0.497831 	 0.690211
123.934 	 0.513354 	 0.540925
123.934 	 0.528865 	 0.519948
123.934 	 0.544348 	 0.61909
123.934 	 0.559788 	 0.378669
123.934 	 0.575171 	 0.178488
123.934 	 0.590481 	 0.440754
123.934 	 0.605704 	 0.680423
123.934 	 0.620825 	 1.31384
123.934 	 0.635829 	 3.2539
123.934 	 0.650703 	 6.72568
123.934 	 0.665431 	 11.9847
123.934 	 0.68 	 19.6036

129.836 	 0.36 	 17.2859
129.836 	 0.374969 	 11.6382
129.836 	 0.390059 	 7.80308
129.836 	 0.405255 	 5.41078
129.836 	 0.420542 	 3.9487
129.836 	 0.435906 	 2.51875
129.836 	 0.451332 	 1.75346
129.836 	 0.466804 	 1.45121
129.836 	 0.482309 	 0.900045
129.836 	 0.497831 	 0.581185
129.836 	 0.513354 	 0.451051
129.836 	 0.528865 	 0.447688
129.836 	 0.544348 	 0.559642
129.836 	 0.559788 	 0.31277
129.836 	 0.575171 	 0.107713
129.836 	 0.590481 	 0.369829
129.836 	 0.605704 	 0.621958
129.836 	 0.620825 	 1.27045
129.836 	 0.635829 	 3.23454
129.836 	 0.650703 	 6.71318
129.836 	 0.665431 	 12.0012
129.836 	 0.68 	 19.6639

135.738 	 0.36 	 16.8487
135.738 	 0.374969 	 11.2429
135.738 	 0.390059 	 7.44584
135.738 	 0.405255 	 5.10851
135.738 	 0.420542 	 3.68019
135.738 	 0.435906 	 2.2861
135.738 	 0.451332 	 1.55649
135.738 	 0.466804 	 1.29477
135.738 	 0.482309 	 0.780643
135.738 	 0.497831 	 0.484233
135.738 	 0.513354 	 0.377836
135.738 	 0.528865 	 0.389885
135.738 	 0.544348 	 0.51092
135.738 	 0.559788 	 0.260109
135.738 	 0.575171 	 0.0522725
135.738 	 0.590481 	 0.315185
135.738 	 0.605704 	 0.575225
135.738 	 0.620825 	 1.24184
135.738 	 0.635829 	 3.23485
135.738 	 0.650703 	 6.72802
135.738 	 0.665431 	 12.0485
135.738 	 0.68 	 19.7547

141.639 	 0.36 	 16.3866
141.639 	 0.374969 	 10.8259
141.639 	 0.390059 	 7.0702
141.639 	 0.405255 	 4.78643
141.639 	 0.420542 	 3.41161
141.639 	 0.435906 	 2.05535
141.639 	 0.451332 	 1.36323
141.639 	 0.466804 	 1.15549
141.639 	 0.482309 	 0.678869
141.639 	 0.497831 	 0.408902
141.639 	 0.513354 	 0.329595
141.639 	 0.528865 	 0.358162
141.639 	 0.544348 	 0.485864
141.639 	 0.559788 	 0.228254
141.639 	 0.575171 	 0.0162476
141.639 	 0.590481 	 0.279796
141.639 	 0.605704 	 0.543121
141.639 	 0.620825 	 1.23448
141.639 	 0.635829 	 3.26059
141.639 	 0.650703 	 6.77051
141.639 	 0.665431 	 12.1231
141.639 	 0.68 	 19.8798

147.541 	 0.36 	 15.9203
147.541 	 0.374969 	 10.4069
147.541 	 0.390059 	 6.69509
147.541 	 0.405255 	 4.46283
147.541 	 0.420542 	 3.15773
147.541 	 0.435906 	 1.84068
147.541 	 0.451332 	 1.18716
147.541 	 0.466804 	 1.0334
147.541 	 0.482309 	 0.604133
147.541 	 0.497831 	 0.363705
147.541 	 0.513354 	 0.31414
147.541 	 0.528865 	 0.350632
147.541 	 0.544348 	 0.48908
147.541 	 0.559788 	 0.217375
147.541 	 0.575171 	 7.21621e-10
147.541 	 0.590481 	 0.266778
147.541 	 0.605704 	 0.52758
147.541 	 0.620825 	 1.25443
147.541 	 0.635829 	 3.30965
147.541 	 0.650703 	 6.85571
147.541 	 0.665431 	 12.2452
147.541 	 0.68 	 20.0347

153.443 	 0.36 	 15.4705
153.443 	 0.374969 	 10.0055
153.443 	 0.390059 	 6.3387
153.443 	 0.405255 	 4.15386
153.443 	 0.420542 	 2.93283
153.443 	 0.435906 	 1.65509
153.443 	 0.451332 	 1.03995
153.443 	 0.466804 	 0.924349
153.443 	 0.482309 	 0.565403
153.443 	 0.497831 	 0.356595
153.443 	 0.513354 	 0.338319
153.443 	 0.528865 	 0.377073
153.443 	 0.544348 	 0.513121
153.443 	 0.559788 	 0.233265
153.443 	 0.575171 	 0.0175037
153.443 	 0.590481 	 0.288178
153.443 	 0.605704 	 0.540951
153.443 	 0.620825 	 1.30225
153.443 	 0.635829 	 3.39694
153.443 	 0.650703 	 6.98249
153.443 	 0.665431 	 12.4099
153.443 	 0.68 	 20.2378

159.344 	 0.36 	 15.0547
159.344 	 0.374969 	 9.63798
159.344 	 0.390059 	 6.01649
159.344 	 0.405255 	 3.87432
159.344 	 0.420542 	 2.74838
159.344 	 0.435906 	 1.50922
159.344 	 0.451332 	 0.93148
159.344 	 0.466804 	 0.852674
159.344 	 0.482309 	 0.569842
159.344 	 0.497831 	 0.393734
159.344 	 0.513354 	 0.394686
159.344 	 0.528865 	 0.436248
159.344 	 0.544348 	 0.54869
159.344 	 0.559788 	 0.282004
159.344 	 0.575171 	 0.0609284
159.344 	 0.590481 	 0.334201
159.344 	 0.605704 	 0.588966
159.344 	 0.620825 	 1.38914
159.344 	 0.635829 	 3.52485
159.344 	 0.650703 	 7.15423
159.344 	 0.665431 	 12.6197
159.344 	 0.68 	 20.4828

165.246 	 0.36 	 14.6876
165.246 	 0.374969 	 9.31846
165.246 	 0.390059 	 5.74176
165.246 	 0.405255 	 3.63686
165.246 	 0.420542 	 2.60773
165.246 	 0.435906 	 1.41173
165.246 	 0.451332 	 0.869768
165.246 	 0.466804 	 0.82498
165.246 	 0.482309 	 0.621113
165.246 	 0.497831 	 0.477359
165.246 	 0.513354 	 0.493681
165.246 	 0.528865 	 0.53435
165.246 	 0.544348 	 0.624967
165.246 	 0.559788 	 0.360292
165.246 	 0.575171 	 0.142964
165.246 	 0.590481 	 0.420171
165.246 	 0.605704 	 0.676381
165.246 	 0.620825 	 1.51714
165.246 	 0.635829 	 3.68221
165.246 	 0.650703 	 7.37315
165.246 	 0.665431 	 12.876
165.246 	 0.68 	 20.7706

171.148 	 0.36 	 14.3809
171.148 	 0.374969 	 9.05804
171.148 	 0.390059 	 5.52492
171.148 	 0.405255 	 3.45153
171.148 	 0.420542 	 2.46139
171.148 	 0.435906 	 1.36873
171.148 	 0.451332 	 0.858992
171.148 	 0.466804 	 0.844421
171.148 	 0.482309 	 0.720529
171.148 	 0.497831 	 0.609785
171.148 	 0.513354 	 0.624009
171.148 	 0.528865 	 0.664958
171.148 	 0.544348 	 0.731764
171.148 	 0.559788 	 0.474998
171.148 	 0.575171 	 0.254886
171.148 	 0.590481 	 0.550254
171.148 	 0.605704 	 0.806562
171.148 	 0.620825 	 1.68884
171.148 	 0.635829 	 3.89984
171.148 	 0.650703 	 7.64009
171.148 	 0.665431 	 13.1791
171.148 	 0.68 	 21.1006

177.049 	 0.36 	 14.143
177.049 	 0.374969 	 8.86446
177.049 	 0.390059 	 5.37322
177.049 	 0.405255 	 3.32527
177.049 	 0.420542 	 2.37063
177.049 	 0.435906 	 1.3818
177.049 	 0.451332 	 0.90124
177.049 	 0.466804 	 0.914085
177.049 	 0.482309 	 0.86908
177.049 	 0.497831 	 0.783272
177.049 	 0.513354 	 0.795254
177.049 	 0.528865 	 0.835584
177.049 	 0.544348 	 0.879851
177.049 	 0.559788 	 0.623159
177.049 	 0.575171 	 0.407371
177.049 	 0.590481 	 0.725417
177.049 	 0.605704 	 0.981282
177.049 	 0.620825 	 1.90527
177.049 	 0.635829 	 4.15962
177.049 	 0.650703 	 7.95438
177.049 	 0.665431 	 13.5276
177.049 	 0.68 	 21.4713

182.951 	 0.36 	 13.9785
182.951 	 0.374969 	 8.74197
182.951 	 0.390059 	 5.28995
182.951 	 0.405255 	 3.25965
182.951 	 0.420542 	 2.33756
182.951 	 0.435906 	 1.45165
182.951 	 0.451332 	 0.997605
182.951 	 0.466804 	 1.03481
182.951 	 0.482309 	 1.06562
182.951 	 0.497831 	 0.994656
182.951 	 0.513354 	 1.00171
182.951 	 0.528865 	 1.0357
182.951 	 0.544348 	 1.06037
182.951 	 0.559788 	 0.801409
182.951 	 0.575171 	 0.58526
182.951 	 0.590481 	 0.944863
182.951 	 0.605704 	 1.20058
182.951 	 0.620825 	 2.16581
182.951 	 0.635829 	 4.45834
182.951 	 0.650703 	 8.24747
182.951 	 0.665431 	 13.9187
182.951 	 0.68 	 21.8796

188.852 	 0.36 	 13.8882
188.852 	 0.374969 	 8.69039
188.852 	 0.390059 	 5.27361
188.852 	 0.405255 	 3.25503
188.852 	 0.420542 	 2.36342
188.852 	 0.435906 	 1.57696
188.852 	 0.451332 	 1.14664
188.852 	 0.466804 	 1.20512
188.852 	 0.482309 	 1.3069
188.852 	 0.497831 	 1.23187
188.852 	 0.513354 	 1.23491
188.852 	 0.528865 	 1.26564
188.852 	 0.544348 	 1.27172
188.852 	 0.559788 	 1.01288
188.852 	 0.575171 	 0.804647
188.852 	 0.590481 	 1.20603
188.852 	 0.605704 	 1.46271
188.852 	 0.620825 	 2.46815
188.852 	 0.635829 	 4.79725
188.852 	 0.650703 	 8.63552
188.852 	 0.665431 	 14.3484
188.852 	 0.68 	 22.321

194.754 	 0.36 	 13.8688
194.754 	 0.374969 	 8.70561
194.754 	 0.390059 	 5.32191
194.754 	 0.405255 	 3.30976
194.754 	 0.420542 	 2.44644
194.754 	 0.435906 	 1.75388
194.754 	 0.451332 	 1.34457
194.754 	 0.466804 	 1.42123
194.754 	 0.482309 	 1.57532
194.754 	 0.497831 	 1.49737
194.754 	 0.513354 	 1.4961
194.754 	 0.528865 	 1.52291
194.754 	 0.544348 	 1.51339
194.754 	 0.559788 	 1.24428
194.754 	 0.575171 	 1.06171
194.754 	 0.590481 	 1.50465
194.754 	 0.605704 	 1.76417
194.754 	 0.620825 	 2.80834
194.754 	 0.635829 	 5.17199
194.754 	 0.650703 	 9.05988
194.754 	 0.665431 	 14.811
194.754 	 0.68 	 22.7901

200.656 	 0.36 	 13.9135
200.656 	 0.374969 	 8.78261
200.656 	 0.390059 	 5.42991
200.656 	 0.405255 	 3.4193
200.656 	 0.420542 	 2.5821
200.656 	 0.435906 	 1.97634
200.656 	 0.451332 	 1.58539
200.656 	 0.466804 	 1.67722
200.656 	 0.482309 	 1.86513
200.656 	 0.497831 	 1.7843
200.656 	 0.513354 	 1.77717
200.656 	 0.528865 	 1.79285
200.656 	 0.544348 	 1.77339
200.656 	 0.559788 	 1.49585
200.656 	 0.575171 	 1.35096
200.656 	 0.590481 	 1.83494
200.656 	 0.605704 	 2.09979
200.656 	 0.620825 	 3.18087
200.656 	 0.635829 	 5.57677
200.656 	 0.650703 	 9.51428
200.656 	 0.665431 	 15.2998
200.656 	 0.68 	 23.2801

206.557 	 0.36 	 14.0145
206.557 	 0.374969 	 8.91373
206.557 	 0.390059 	 5.58242
206.557 	 0.405255 	 3.57649
206.557 	 0.420542 	 2.76335
206.557 	 0.435906 	 2.23623
206.557 	 0.451332 	 1.86116
206.557 	 0.466804 	 1.96535
206.557 	 0.482309 	 2.16601
206.557 	 0.497831 	 2.07919
206.557 	 0.513354 	 2.06453
206.557 	 0.528865 	 2.07474
206.557 	 0.544348 	 2.04691
206.557 	 0.559788 	 1.76449
206.557 	 0.575171 	 1.66551
206.557 	 0.590481 	 2.18977
206.557 	 0.605704 	 2.463
206.557 	 0.620825 	 3.57893
206.557 	 0.635829 	 6.00457
206.557 	 0.650703 	 9.99126
206.557 	 0.665431 	 15.807
206.557 	 0.68 	 23.7833

212.459 	 0.36 	 14.1618
212.459 	 0.374969 	 9.0889
212.459 	 0.390059 	 5.75359
212.459 	 0.405255 	 3.77204
212.459 	 0.420542 	 2.98109
212.459 	 0.435906 	 2.5238
212.459 	 0.451332 	 2.16239
212.459 	 0.466804 	 2.27639
212.459 	 0.482309 	 2.46646
212.459 	 0.497831 	 2.37696
212.459 	 0.513354 	 2.35747
212.459 	 0.528865 	 2.3623
212.459 	 0.544348 	 2.32995
212.459 	 0.559788 	 2.05075
212.459 	 0.575171 	 1.99735
212.459 	 0.590481 	 2.56098
212.459 	 0.605704 	 2.84598
212.459 	 0.620825 	 3.99455
212.459 	 0.635829 	 6.44733
212.459 	 0.650703 	 10.4706
212.459 	 0.665431 	 16.3238
212.459 	 0.68 	 24.2913

218.361 	 0.36 	 14.3432
218.361 	 0.374969 	 9.29631
218.361 	 0.390059 	 5.95368
218.361 	 0.405255 	 3.99488
218.361 	 0.420542 	 3.22457
218.361 	 0.435906 	 2.82804
218.361 	 0.451332 	 2.47836
218.361 	 0.466804 	 2.59135
218.361 	 0.482309 	 2.76273
218.361 	 0.497831 	 2.67137
218.361 	 0.513354 	 2.64571
218.361 	 0.528865 	 2.63751
218.361 	 0.544348 	 2.60891
218.361 	 0.559788 	 2.34598
218.361 	 0.575171 	 2.3377
218.361 	 0.590481 	 2.93966
218.361 	 0.605704 	 3.24004
218.361 	 0.620825 	 4.41897
218.361 	 0.635829 	 6.89628
218.361 	 0.650703 	 10.9392
218.361 	 0.665431 	 16.8411
218.361 	 0.68 	 24.7954

224.262 	 0.36 	 14.5458
224.262 	 0.374969 	 9.52302
224.262 	 0.390059 	 6.17028
224.262 	 0.405255 	 4.23284
224.262 	 0.420542 	 3.48184
224.262 	 0.435906 	 3.12568
224.262 	 0.451332 	 2.79778
224.262 	 0.466804 	 2.8958
224.262 	 0.482309 	 3.04537
224.262 	 0.497831 	 2.94809
224.262 	 0.513354 	 2.91494
224.262 	 0.528865 	 2.90163
224.262 	 0.544348 	 2.89001
224.262 	 0.559788 	 2.64107
224.262 	 0.575171 	 2.67732
224.262 	 0.590481 	 3.31651
224.262 	 0.605704 	 3.63591
224.262 	 0.620825 	 4.84293
224.262 	 0.635829 	 7.34218
224.262 	 0.650703 	 11.402
224.262 	 0.665431 	 17.3493
224.262 	 0.68 	 25.2863

230.164 	 0.36 	 14.7557
230.164 	 0.374969 	 9.75559
230.164 	 0.390059 	 6.39054
230.164 	 0.405255 	 4.47334
230.164 	 0.420542 	 3.74063
230.164 	 0.435906 	 3.3942
230.164 	 0.451332 	 3.09937
230.164 	 0.466804 	 3.17598
230.164 	 0.482309 	 3.29864
230.164 	 0.497831 	 3.20113
230.164 	 0.513354 	 3.16514
230.164 	 0.528865 	 3.1433
230.164 	 0.544348 	 3.1638
230.164 	 0.559788 	 2.92684
230.164 	 0.575171 	 3.0069
230.164 	 0.590481 	 3.67839
230.164 	 0.605704 	 4.02409
230.164 	 0.620825 	 5.25694
230.164 	 0.635829 	 7.77567
230.164 	 0.650703 	 12
230.164 	 0.665431 	 17.8388
230.164 	 0.68 	 25.755

236.066 	 0.36 	 14.9594
236.066 	 0.374969 	 9.98064
236.066 	 0.390059 	 6.60171
236.066 	 0.405255 	 4.70391
236.066 	 0.420542 	 3.98877
236.066 	 0.435906 	 3.64402
236.066 	 0.451332 	 3.37244
236.066 	 0.466804 	 3.42502
236.066 	 0.482309 	 3.52298
236.066 	 0.497831 	 3.42681
236.066 	 0.513354 	 3.38258
236.066 	 0.528865 	 3.36414
236.066 	 0.544348 	 3.42113
236.066 	 0.559788 	 3.19437
236.066 	 0.575171 	 3.31739
236.066 	 0.590481 	 3.98756
236.066 	 0.605704 	 4.3952
236.066 	 0.620825 	 5.65171
236.066 	 0.635829 	 8.18755
236.066 	 0.650703 	 12.4269
236.066 	 0.665431 	 18.3005
236.066 	 0.68 	 26.1927

241.967 	 0.36 	 15.144
241.967 	 0.374969 	 10.1582
241.967 	 0.390059 	 6.79171
241.967 	 0.405255 	 4.91275
241.967 	 0.420542 	 4.21475
241.967 	 0.435906 	 3.86118
241.967 	 0.451332 	 3.60391
241.967 	 0.466804 	 3.63791
241.967 	 0.482309 	 3.70744
241.967 	 0.497831 	 3.60787
241.967 	 0.513354 	 3.56328
241.967 	 0.528865 	 3.55634
241.967 	 0.544348 	 3.65346
241.967 	 0.559788 	 3.43535
241.967 	 0.575171 	 3.60035
241.967 	 0.590481 	 4.26721
241.967 	 0.605704 	 4.74029
241.967 	 0.620825 	 6.01835
241.967 	 0.635829 	 8.56906
241.967 	 0.650703 	 12.8189
241.967 	 0.665431 	 18.7075
241.967 	 0.68 	 26.5912

247.869 	 0.36 	 15.2978
247.869 	 0.374969 	 10.2975
247.869 	 0.390059 	 6.94969
247.869 	 0.405255 	 5.08919
247.869 	 0.420542 	 4.40814
247.869 	 0.435906 	 4.02948
247.869 	 0.451332 	 3.78943
247.869 	 0.466804 	 3.80393
247.869 	 0.482309 	 3.84589
247.869 	 0.497831 	 3.75067
247.869 	 0.513354 	 3.7025
247.869 	 0.528865 	 3.71317
247.869 	 0.544348 	 3.85321
247.869 	 0.559788 	 3.64239
247.869 	 0.575171 	 3.84826
247.869 	 0.590481 	 4.51012
247.869 	 0.605704 	 5.05115
247.869 	 0.620825 	 6.34872
247.869 	 0.635829 	 9.06264
247.869 	 0.650703 	 13.1682
247.869 	 0.665431 	 19.0593
247.869 	 0.68 	 26.9429

253.77 	 0.36 	 15.411
253.77 	 0.374969 	 10.3959
253.77 	 0.390059 	 7.06641
253.77 	 0.405255 	 5.2242
253.77 	 0.420542 	 4.56006
253.77 	 0.435906 	 4.14451
253.77 	 0.451332 	 3.92704
253.77 	 0.466804 	 3.91879
253.77 	 0.482309 	 3.93763
253.77 	 0.497831 	 3.84167
253.77 	 0.513354 	 3.8018
253.77 	 0.528865 	 3.82924
253.77 	 0.544348 	 4.01399
253.77 	 0.559788 	 3.80931
253.77 	 0.575171 	 4.0547
253.77 	 0.590481 	 4.71016
253.77 	 0.605704 	 5.32058
253.77 	 0.620825 	 6.63567
253.77 	 0.635829 	 9.35769
253.77 	 0.650703 	 13.4676
253.77 	 0.665431 	 19.3596
253.77 	 0.68 	 27.2415

259.672 	 0.36 	 15.4928
259.672 	 0.374969 	 10.4463
259.672 	 0.390059 	 7.13467
259.672 	 0.405255 	 5.31062
259.672 	 0.420542 	 4.66346
259.672 	 0.435906 	 4.20651
259.672 	 0.451332 	 3.97534
259.672 	 0.466804 	 3.98297
259.672 	 0.482309 	 3.97595
259.672 	 0.497831 	 3.88789
259.672 	 0.513354 	 3.8573
259.672 	 0.528865 	 3.90069
259.672 	 0.544348 	 4.10202
259.672 	 0.559788 	 3.93124
259.672 	 0.575171 	 4.21459
259.672 	 0.590481 	 4.86251
259.672 	 0.605704 	 5.54257
259.672 	 0.620825 	 7.01307
259.672 	 0.635829 	 9.59907
259.672 	 0.650703 	 13.7117
259.672 	 0.665431 	 19.6027
259.672 	 0.68 	 27.4815

265.574 	 0.36 	 15.4989
265.574 	 0.374969 	 10.4705
265.574 	 0.390059 	 7.14947
265.574 	 0.405255 	 5.34345
265.574 	 0.420542 	 4.70882
265.574 	 0.435906 	 4.20676
265.574 	 0.451332 	 3.96598
265.574 	 0.466804 	 3.98808
265.574 	 0.482309 	 3.96383
265.574 	 0.497831 	 3.87801
265.574 	 0.513354 	 3.88263
265.574 	 0.528865 	 3.96976
265.574 	 0.544348 	 4.15671
265.574 	 0.559788 	 4.00485
265.574 	 0.575171 	 4.28987
265.574 	 0.590481 	 5.0617
265.574 	 0.605704 	 5.71246
265.574 	 0.620825 	 7.19041
265.574 	 0.635829 	 9.78221
265.574 	 0.650703 	 13.8957
265.574 	 0.665431 	 19.7844
265.574 	 0.68 	 27.6589

271.475 	 0.36 	 15.4467
271.475 	 0.374969 	 10.4064
271.475 	 0.390059 	 7.14196
271.475 	 0.405255 	 5.31996
271.475 	 0.420542 	 4.69109
271.475 	 0.435906 	 4.15374
271.475 	 0.451332 	 3.90235
271.475 	 0.466804 	 3.94218
271.475 	 0.482309 	 3.92868
271.475 	 0.497831 	 3.84966
271.475 	 0.513354 	 3.81343
271.475 	 0.528865 	 3.94137
271.475 	 0.544348 	 4.13777
271.475 	 0.559788 	 4.02834
271.475 	 0.575171 	 4.31053
271.475 	 0.590481 	 5.10303
271.475 	 0.605704 	 5.89968
271.475 	 0.620825 	 7.30821
271.475 	 0.635829 	 9.90399
271.475 	 0.650703 	 14.0168
271.475 	 0.665431 	 19.9017
271.475 	 0.68 	 27.7707

277.377 	 0.36 	 15.3172
277.377 	 0.374969 	 10.2848
277.377 	 0.390059 	 7.03705
277.377 	 0.405255 	 5.27542
277.377 	 0.420542 	 4.6151
277.377 	 0.435906 	 4.07699
277.377 	 0.451332 	 3.78394
277.377 	 0.466804 	 3.8428
277.377 	 0.482309 	 3.81133
277.377 	 0.497831 	 3.74477
277.377 	 0.513354 	 3.73133
277.377 	 0.528865 	 3.86481
277.377 	 0.544348 	 4.07119
277.377 	 0.559788 	 4.07187
277.377 	 0.575171 	 4.35955
277.377 	 0.590481 	 5.08891
277.377 	 0.605704 	 5.9977
277.377 	 0.620825 	 7.36481
277.377 	 0.635829 	 9.96276
277.377 	 0.650703 	 14.0734
277.377 	 0.665431 	 19.9532
277.377 	 0.68 	 27.8156

283.279 	 0.36 	 15.1274
283.279 	 0.374969 	 10.1084
283.279 	 0.390059 	 6.87617
283.279 	 0.405255 	 5.12419
283.279 	 0.420542 	 4.5088
283.279 	 0.435906 	 3.91032
283.279 	 0.451332 	 3.65157
283.279 	 0.466804 	 3.72523
283.279 	 0.482309 	 3.65194
283.279 	 0.497831 	 3.58824
283.279 	 0.513354 	 3.57077
283.279 	 0.528865 	 3.73165
283.279 	 0.544348 	 3.98356
283.279 	 0.559788 	 3.98724
283.279 	 0.575171 	 4.26985
283.279 	 0.590481 	 5.02046
283.279 	 0.605704 	 5.98683
283.279 	 0.620825 	 7.36004
283.279 	 0.635829 	 9.95834
283.279 	 0.650703 	 14.0652
283.279 	 0.665431 	 19.9388
283.279 	 0.68 	 27.7936

289.18 	 0.36 	 14.8893
289.18 	 0.374969 	 9.88186
289.18 	 0.390059 	 6.66382
289.18 	 0.405255 	 4.92206
289.18 	 0.420542 	 4.32277
289.18 	 0.435906 	 3.69992
289.18 	 0.451332 	 3.4335
289.18 	 0.466804 	 3.52916
289.18 	 0.482309 	 3.45535
289.18 	 0.497831 	 3.37798
289.18 	 0.513354 	 3.37255
289.18 	 0.528865 	 3.54205
289.18 	 0.544348 	 3.8245
289.18 	 0.559788 	 3.85467
289.18 	 0.575171 	 4.13122
289.18 	 0.590481 	 4.90018
289.18 	 0.605704 	 5.89092
289.18 	 0.620825 	 7.28819
289.18 	 0.635829 	 9.89197
289.18 	 0.650703 	 13.9936
289.18 	 0.665431 	 19.8596
289.18 	 0.68 	 27.7059

295.082 	 0.36 	 14.61
295.082 	 0.374969 	 9.61224
295.082 	 0.390059 	 6.40646
295.082 	 0.405255 	 4.67514
295.082 	 0.420542 	 4.06096
295.082 	 0.435906 	 3.45201
295.082 	 0.451332 	 3.18084
295.082 	 0.466804 	 3.29648
295.082 	 0.482309 	 3.2277
295.082 	 0.497831 	 3.13817
295.082 	 0.513354 	 3.14241
295.082 	 0.528865 	 3.31844
295.082 	 0.544348 	 3.62736
295.082 	 0.559788 	 3.67832
295.082 	 0.575171 	 3.94774
295.082 	 0.590481 	 4.73186
295.082 	 0.605704 	 5.73668
295.082 	 0.620825 	 7.13802
295.082 	 0.635829 	 9.76624
295.082 	 0.650703 	 13.861
295.082 	 0.665431 	 19.7183
295.082 	 0.68 	 27.5551

300.984 	 0.36 	 14.2989
300.984 	 0.374969 	 9.3082
300.984 	 0.390059 	 6.11229
300.984 	 0.405255 	 4.39118
300.984 	 0.420542 	 3.7608
300.984 	 0.435906 	 3.17356
300.984 	 0.451332 	 2.90101
300.984 	 0.466804 	 3.03423
300.984 	 0.482309 	 2.97618
300.984 	 0.497831 	 2.87587
300.984 	 0.513354 	 2.88707
300.984 	 0.528865 	 3.06726
300.984 	 0.544348 	 3.39817
300.984 	 0.559788 	 3.46349
300.984 	 0.575171 	 3.72459
300.984 	 0.590481 	 4.52039
300.984 	 0.605704 	 5.5342
300.984 	 0.620825 	 6.93696
300.984 	 0.635829 	 9.58495
300.984 	 0.650703 	 13.6713
300.984 	 0.665431 	 19.5186
300.984 	 0.68 	 27.345

306.885 	 0.36 	 13.9666
306.885 	 0.374969 	 8.97988
306.885 	 0.390059 	 5.79091
306.885 	 0.405255 	 4.07302
306.885 	 0.420542 	 3.4375
306.885 	 0.435906 	 2.87571
306.885 	 0.451332 	 2.60247
306.885 	 0.466804 	 2.75317
306.885 	 0.482309 	 2.70884
306.885 	 0.497831 	 2.5989
306.885 	 0.513354 	 2.61406
306.885 	 0.528865 	 2.79573
306.885 	 0.544348 	 3.14377
306.885 	 0.559788 	 3.21644
306.885 	 0.575171 	 3.46786
306.885 	 0.590481 	 4.27161
306.885 	 0.605704 	 5.2888
306.885 	 0.620825 	 6.69015
306.885 	 0.635829 	 9.35299
306.885 	 0.650703 	 13.4293
306.885 	 0.665431 	 19.2653
306.885 	 0.68 	 27.0804

312.787 	 0.36 	 13.6248
312.787 	 0.374969 	 8.63853
312.787 	 0.390059 	 5.45297
312.787 	 0.405255 	 3.72775
312.787 	 0.420542 	 3.10088
312.787 	 0.435906 	 2.56531
312.787 	 0.451332 	 2.2944
312.787 	 0.466804 	 2.46046
312.787 	 0.482309 	 2.43425
312.787 	 0.497831 	 2.31565
312.787 	 0.513354 	 2.33144
312.787 	 0.528865 	 2.51164
312.787 	 0.544348 	 2.86031
312.787 	 0.559788 	 2.94416
312.787 	 0.575171 	 3.18442
312.787 	 0.590481 	 3.99214
312.787 	 0.605704 	 5.00664
312.787 	 0.620825 	 6.40367
312.787 	 0.635829 	 9.06278
312.787 	 0.650703 	 13.1408
312.787 	 0.665431 	 18.9642
312.787 	 0.68 	 26.7669

318.689 	 0.36 	 13.2862
318.689 	 0.374969 	 8.29609
318.689 	 0.390059 	 5.1099
318.689 	 0.405255 	 3.37858
318.689 	 0.420542 	 2.75836
318.689 	 0.435906 	 2.25322
318.689 	 0.451332 	 1.98644
318.689 	 0.466804 	 2.16375
318.689 	 0.482309 	 2.16129
318.689 	 0.497831 	 2.03473
318.689 	 0.513354 	 2.04754
318.689 	 0.528865 	 2.22308
318.689 	 0.544348 	 2.56283
318.689 	 0.559788 	 2.65418
318.689 	 0.575171 	 2.88165
318.689 	 0.590481 	 3.68913
318.689 	 0.605704 	 4.69462
318.689 	 0.620825 	 6.08428
318.689 	 0.635829 	 8.73322
318.689 	 0.650703 	 12.8122
318.689 	 0.665431 	 18.6217
318.689 	 0.68 	 26.4109

324.59 	 0.36 	 12.9634
324.59 	 0.374969 	 7.9649
324.59 	 0.390059 	 4.77349
324.59 	 0.405255 	 3.0368
324.59 	 0.420542 	 2.42029
324.59 	 0.435906 	 1.9496
324.59 	 0.451332 	 1.68253
324.59 	 0.466804 	 1.87371
324.59 	 0.482309 	 1.89858
324.59 	 0.497831 	 1.76483
324.59 	 0.513354 	 1.7708
324.59 	 0.528865 	 1.93822
324.59 	 0.544348 	 2.26126
324.59 	 0.559788 	 2.35436
324.59 	 0.575171 	 2.56725
324.59 	 0.590481 	 3.3701
324.59 	 0.605704 	 4.36013
324.59 	 0.620825 	 5.73928
324.59 	 0.635829 	 8.37553
324.59 	 0.650703 	 12.4507
324.59 	 0.665431 	 18.2449
324.59 	 0.68 	 26.0195

330.492 	 0.36 	 12.6693
330.492 	 0.374969 	 7.65728
330.492 	 0.390059 	 4.4556
330.492 	 0.405255 	 2.71171
330.492 	 0.420542 	 2.09885
330.492 	 0.435906 	 1.6624
330.492 	 0.451332 	 1.39475
330.492 	 0.466804 	 1.59977
330.492 	 0.482309 	 1.64815
330.492 	 0.497831 	 1.51406
330.492 	 0.513354 	 1.50943
330.492 	 0.528865 	 1.66512
330.492 	 0.544348 	 1.96378
330.492 	 0.559788 	 2.05264
330.492 	 0.575171 	 2.24907
330.492 	 0.590481 	 3.04275
330.492 	 0.605704 	 4.01092
330.492 	 0.620825 	 5.37632
330.492 	 0.635829 	 7.99731
330.492 	 0.650703 	 12.0637
330.492 	 0.665431 	 17.8411
330.492 	 0.68 	 25.6

336.393 	 0.36 	 12.4161
336.393 	 0.374969 	 7.38519
336.393 	 0.390059 	 4.1678
336.393 	 0.405255 	 2.40713
336.393 	 0.420542 	 1.79864
336.393 	 0.435906 	 1.39379
336.393 	 0.451332 	 1.13192
336.393 	 0.466804 	 1.34175
336.393 	 0.482309 	 1.42004
336.393 	 0.497831 	 1.28217
336.393 	 0.513354 	 1.27094
336.393 	 0.528865 	 1.41144
336.393 	 0.544348 	 1.67841
336.393 	 0.559788 	 1.7569
336.393 	 0.575171 	 1.93486
336.393 	 0.590481 	 2.71471
336.393 	 0.605704 	 3.65483
336.393 	 0.620825 	 5.0032
336.393 	 0.635829 	 7.6063
336.393 	 0.650703 	 11.6589
336.393 	 0.665431 	 17.4181
336.393 	 0.68 	 25.16

342.295 	 0.36 	 12.2155
342.295 	 0.374969 	 7.15988
342.295 	 0.390059 	 3.92103
342.295 	 0.405255 	 2.14073
342.295 	 0.420542 	 1.52877
342.295 	 0.435906 	 1.15702
342.295 	 0.451332 	 0.893126
342.295 	 0.466804 	 1.11296
342.295 	 0.482309 	 1.218
342.295 	 0.497831 	 1.07991
342.295 	 0.513354 	 1.06309
342.295 	 0.528865 	 1.18393
342.295 	 0.544348 	 1.41279
342.295 	 0.559788 	 1.47465
342.295 	 0.575171 	 1.63208
342.295 	 0.590481 	 2.39338
342.295 	 0.605704 	 3.29966
342.295 	 0.620825 	 4.62767
342.295 	 0.635829 	 7.21023
342.295 	 0.650703 	 11.244
342.295 	 0.665431 	 16.9835
342.295 	 0.68 	 24.7073

348.197 	 0.36 	 12.0778
348.197 	 0.374969 	 6.99154
348.197 	 0.390059 	 3.72532
348.197 	 0.405255 	 1.9223
348.197 	 0.420542 	 1.29253
348.197 	 0.435906 	 0.95129
348.197 	 0.451332 	 0.689869
348.197 	 0.466804 	 0.909224
348.197 	 0.482309 	 1.04653
348.197 	 0.497831 	 0.905854
348.197 	 0.513354 	 0.892082
348.197 	 0.528865 	 0.989526
348.197 	 0.544348 	 1.17399
348.197 	 0.559788 	 1.21292
348.197 	 0.575171 	 1.34773
348.197 	 0.590481 	 2.08572
348.197 	 0.605704 	 2.95294
348.197 	 0.620825 	 4.25726
348.197 	 0.635829 	 6.81662
348.197 	 0.650703 	 10.8265
348.197 	 0.665431 	 16.5449
348.197 	 0.68 	 24.2493

354.098 	 0.36 	 12.0116
354.098 	 0.374969 	 6.88894
354.098 	 0.390059 	 3.58939
354.098 	 0.405255 	 1.76047
354.098 	 0.420542 	 1.10326
354.098 	 0.435906 	 0.781885
354.098 	 0.451332 	 0.523734
354.098 	 0.466804 	 0.7433
354.098 	 0.482309 	 0.904588
354.098 	 0.497831 	 0.769025
354.098 	 0.513354 	 0.753444
354.098 	 0.528865 	 0.83339
354.098 	 0.544348 	 0.968278
354.098 	 0.559788 	 0.977978
354.098 	 0.575171 	 1.08811
354.098 	 0.590481 	 1.79807
354.098 	 0.605704 	 2.62175
354.098 	 0.620825 	 3.89907
354.098 	 0.635829 	 6.4326
354.098 	 0.650703 	 10.4135
354.098 	 0.665431 	 16.1095
354.098 	 0.68 	 23.7933

360 	 0.36 	 12.0241
360 	 0.374969 	 6.85916
360 	 0.390059 	 3.5204
360 	 0.405255 	 1.66247
360 	 0.420542 	 0.972425
360 	 0.435906 	 0.65277
360 	 0.451332 	 0.392442
360 	 0.466804 	 0.615726
360 	 0.482309 	 0.798662
360 	 0.497831 	 0.661441
360 	 0.513354 	 0.651421
360 	 0.528865 	 0.719693
360 	 0.544348 	 0.800937
360 	 0.559788 	 0.775191
360 	 0.575171 	 0.858632
360 	 0.590481 	 1.53593
360 	 0.605704 	 2.31252
360 	 0.620825 	 3.55957
360 	 0.635829 	 6.06471
360 	 0.650703 	 10.0119
360 	 0.665431 	 15.6836
360 	 0.68 	 23.3456

