0 	 0.38 	 18.4483
0 	 0.397096 	 12.8115
0 	 0.414319 	 8.82263
0 	 0.431648 	 6.12128
0 	 0.44906 	 4.40158
0 	 0.466535 	 3.44016
0 	 0.484052 	 2.82394
0 	 0.501588 	 2.35949
0 	 0.519122 	 1.82235
0 	 0.536632 	 1.19401
0 	 0.554098 	 0.628933
0 	 0.571496 	 0.453245
0 	 0.588807 	 0.894089
0 	 0.606009 	 2.39072
0 	 0.62308 	 5.0949
0 	 0.64 	 9.43923

5.90164 	 0.38 	 18.6015
5.90164 	 0.397096 	 12.9207
5.90164 	 0.414319 	 8.89111
5.90164 	 0.431648 	 6.1452
5.90164 	 0.44906 	 4.39046
5.90164 	 0.466535 	 3.39709
5.90164 	 0.484052 	 2.76325
5.90164 	 0.501588 	 2.30291
5.90164 	 0.519122 	 1.77765
5.90164 	 0.536632 	 1.15888
5.90164 	 0.554098 	 0.598761
5.90164 	 0.571496 	 0.406634
5.90164 	 0.588807 	 0.815181
5.90164 	 0.606009 	 2.28851
5.90164 	 0.62308 	 4.96592
5.90164 	 0.64 	 9.28646

11.8033 	 0.38 	 18.8028
11.8033 	 0.397096 	 13.0774
11.8033 	 0.414319 	 9.00611
11.8033 	 0.431648 	 6.21297
11.8033 	 0.44906 	 4.42199
11.8033 	 0.466535 	 3.39547
11.8033 	 0.484052 	 2.72338
11.8033 	 0.501588 	 2.27457
11.8033 	 0.519122 	 1.76107
11.8033 	 0.536632 	 1.14902
11.8033 	 0.554098 	 0.596206
11.8033 	 0.571496 	 0.393695
11.8033 	 0.588807 	 0.766465
11.8033 	 0.606009 	 2.21546
11.8033 	 0.62308 	 4.8634
11.8033 	 0.64 	 9.15779

17.7049 	 0.38 	 19.047
17.7049 	 0.397096 	 13.277
17.7049 	 0.414319 	 9.16376
17.7049 	 0.431648 	 6.32129
17.7049 	 0.44906 	 4.4935
17.7049 	 0.466535 	 3.43318
17.7049 	 0.484052 	 2.71905
17.7049 	 0.501588 	 2.27102
17.7049 	 0.519122 	 1.76028
17.7049 	 0.536632 	 1.15592
17.7049 	 0.554098 	 0.607859
17.7049 	 0.571496 	 0.412742
17.7049 	 0.588807 	 0.746643
17.7049 	 0.606009 	 2.1708
17.7049 	 0.62308 	 4.78672
17.7049 	 0.64 	 9.05291

23.6066 	 0.38 	 19.3265
23.6066 	 0.397096 	 13.5128
23.6066 	 0.414319 	 9.3527
23.6066 	 0.431648 	 6.46504
23.6066 	 0.44906 	 4.60058
23.6066 	 0.466535 	 3.5064
23.6066 	 0.484052 	 2.74851
23.6066 	 0.501588 	 2.27965
23.6066 	 0.519122 	 1.77955
23.6066 	 0.536632 	 1.18424
23.6066 	 0.554098 	 0.641587
23.6066 	 0.571496 	 0.446517
23.6066 	 0.588807 	 0.753358
23.6066 	 0.606009 	 2.15205
23.6066 	 0.62308 	 4.73448
23.6066 	 0.64 	 8.97096

29.5082 	 0.38 	 19.6325
29.5082 	 0.397096 	 13.7766
29.5082 	 0.414319 	 9.56324
29.5082 	 0.431648 	 6.63742
29.5082 	 0.44906 	 4.73715
29.5082 	 0.466535 	 3.60988
29.5082 	 0.484052 	 2.80716
29.5082 	 0.501588 	 2.30512
29.5082 	 0.519122 	 1.81581
29.5082 	 0.536632 	 1.22426
29.5082 	 0.554098 	 0.686914
29.5082 	 0.571496 	 0.49903
29.5082 	 0.588807 	 0.782818
29.5082 	 0.606009 	 2.15111
29.5082 	 0.62308 	 4.70357
29.5082 	 0.64 	 8.90898

35.4098 	 0.38 	 19.954
35.4098 	 0.397096 	 14.0585
35.4098 	 0.414319 	 9.79234
35.4098 	 0.431648 	 6.8302
35.4098 	 0.44906 	 4.89578
35.4098 	 0.466535 	 3.73697
35.4098 	 0.484052 	 2.88913
35.4098 	 0.501588 	 2.34466
35.4098 	 0.519122 	 1.85503
35.4098 	 0.536632 	 1.27126
35.4098 	 0.554098 	 0.739423
35.4098 	 0.571496 	 0.552929
35.4098 	 0.588807 	 0.830725
35.4098 	 0.606009 	 2.15896
35.4098 	 0.62308 	 4.69096
35.4098 	 0.64 	 8.86459

41.3115 	 0.38 	 20.2783
41.3115 	 0.397096 	 14.3471
41.3115 	 0.414319 	 10.0296
41.3115 	 0.431648 	 7.03409
41.3115 	 0.44906 	 5.06802
41.3115 	 0.466535 	 3.87988
41.3115 	 0.484052 	 2.98746
41.3115 	 0.501588 	 2.40103
41.3115 	 0.519122 	 1.90105
41.3115 	 0.536632 	 1.32667
41.3115 	 0.554098 	 0.800832
41.3115 	 0.571496 	 0.616607
41.3115 	 0.588807 	 0.88961
41.3115 	 0.606009 	 2.17956
41.3115 	 0.62308 	 4.69265
41.3115 	 0.64 	 8.8344

47.2131 	 0.38 	 20.5924
47.2131 	 0.397096 	 14.6221
47.2131 	 0.414319 	 10.2638
47.2131 	 0.431648 	 7.23879
47.2131 	 0.44906 	 5.24457
47.2131 	 0.466535 	 4.03024
47.2131 	 0.484052 	 3.09451
47.2131 	 0.501588 	 2.4674
47.2131 	 0.519122 	 1.94782
47.2131 	 0.536632 	 1.37476
47.2131 	 0.554098 	 0.853711
47.2131 	 0.571496 	 0.676699
47.2131 	 0.588807 	 0.940573
47.2131 	 0.606009 	 2.20782
47.2131 	 0.62308 	 4.7041
47.2131 	 0.64 	 8.81457

53.1148 	 0.38 	 20.8826
53.1148 	 0.397096 	 14.8667
53.1148 	 0.414319 	 10.4833
53.1148 	 0.431648 	 7.4336
53.1148 	 0.44906 	 5.4156
53.1148 	 0.466535 	 4.16132
53.1148 	 0.484052 	 3.20236
53.1148 	 0.501588 	 2.53661
53.1148 	 0.519122 	 1.98441
53.1148 	 0.536632 	 1.42157
53.1148 	 0.554098 	 0.908059
53.1148 	 0.571496 	 0.734412
53.1148 	 0.588807 	 0.992669
53.1148 	 0.606009 	 2.23847
53.1148 	 0.62308 	 4.7206
53.1148 	 0.64 	 8.80105

59.0164 	 0.38 	 21.1232
59.0164 	 0.397096 	 15.0792
59.0164 	 0.414319 	 10.6768
59.0164 	 0.431648 	 7.608
59.0164 	 0.44906 	 5.57137
59.0164 	 0.466535 	 4.27792
59.0164 	 0.484052 	 3.30293
59.0164 	 0.501588 	 2.60158
59.0164 	 0.519122 	 2.02876
59.0164 	 0.536632 	 1.46743
59.0164 	 0.554098 	 0.946332
59.0164 	 0.571496 	 0.780768
59.0164 	 0.588807 	 1.02803
59.0164 	 0.606009 	 2.26634
59.0164 	 0.62308 	 4.7375
59.0164 	 0.64 	 8.78983

64.918 	 0.38 	 21.3038
64.918 	 0.397096 	 15.2485
64.918 	 0.414319 	 10.8339
64.918 	 0.431648 	 7.75222
64.918 	 0.44906 	 5.70277
64.918 	 0.466535 	 4.37452
64.918 	 0.484052 	 3.38859
64.918 	 0.501588 	 2.66496
64.918 	 0.519122 	 2.05095
64.918 	 0.536632 	 1.48857
64.918 	 0.554098 	 0.98763
64.918 	 0.571496 	 0.79968
64.918 	 0.588807 	 1.05639
64.918 	 0.606009 	 2.28664
64.918 	 0.62308 	 4.75051
64.918 	 0.64 	 8.77726

70.8197 	 0.38 	 21.4238
70.8197 	 0.397096 	 15.3651
70.8197 	 0.414319 	 10.9455
70.8197 	 0.431648 	 7.85776
70.8197 	 0.44906 	 5.8018
70.8197 	 0.466535 	 4.44394
70.8197 	 0.484052 	 3.45263
70.8197 	 0.501588 	 2.6995
70.8197 	 0.519122 	 2.06064
70.8197 	 0.536632 	 1.48858
70.8197 	 0.554098 	 0.994929
70.8197 	 0.571496 	 0.814801
70.8197 	 0.588807 	 1.07336
70.8197 	 0.606009 	 2.28792
70.8197 	 0.62308 	 4.75592
70.8197 	 0.64 	 8.76025

76.7213 	 0.38 	 21.4758
76.7213 	 0.397096 	 15.4216
76.7213 	 0.414319 	 11.0046
76.7213 	 0.431648 	 7.91794
76.7213 	 0.44906 	 5.8621
76.7213 	 0.466535 	 4.48047
76.7213 	 0.484052 	 3.49485
76.7213 	 0.501588 	 2.71247
76.7213 	 0.519122 	 2.05372
76.7213 	 0.536632 	 1.47469
76.7213 	 0.554098 	 0.987272
76.7213 	 0.571496 	 0.796996
76.7213 	 0.588807 	 1.06874
76.7213 	 0.606009 	 2.27303
76.7213 	 0.62308 	 4.76252
76.7213 	 0.64 	 8.75172

82.623 	 0.38 	 21.4551
82.623 	 0.397096 	 15.4134
82.623 	 0.414319 	 11.0067
82.623 	 0.431648 	 7.92829
82.623 	 0.44906 	 5.87934
82.623 	 0.466535 	 4.48029
82.623 	 0.484052 	 3.49953
82.623 	 0.501588 	 2.70072
82.623 	 0.519122 	 2.02749
82.623 	 0.536632 	 1.44347
82.623 	 0.554098 	 0.963914
82.623 	 0.571496 	 0.759344
82.623 	 0.588807 	 1.04467
82.623 	 0.606009 	 2.25268
82.623 	 0.62308 	 4.732
82.623 	 0.64 	 8.71732

88.5246 	 0.38 	 21.3603
88.5246 	 0.397096 	 15.3391
88.5246 	 0.414319 	 10.95
88.5246 	 0.431648 	 7.8869
88.5246 	 0.44906 	 5.85154
88.5246 	 0.466535 	 4.44172
88.5246 	 0.484052 	 3.47209
88.5246 	 0.501588 	 2.66285
88.5246 	 0.519122 	 1.98083
88.5246 	 0.536632 	 1.39054
88.5246 	 0.554098 	 0.923281
88.5246 	 0.571496 	 0.705837
88.5246 	 0.588807 	 1.00515
88.5246 	 0.606009 	 2.20602
88.5246 	 0.62308 	 4.68906
88.5246 	 0.64 	 8.67479

94.4262 	 0.38 	 21.1934
94.4262 	 0.397096 	 15.2
94.4262 	 0.414319 	 10.8357
94.4262 	 0.431648 	 7.79457
94.4262 	 0.44906 	 5.7792
94.4262 	 0.466535 	 4.3654
94.4262 	 0.484052 	 3.41291
94.4262 	 0.501588 	 2.59939
94.4262 	 0.519122 	 1.91438
94.4262 	 0.536632 	 1.32329
94.4262 	 0.554098 	 0.864166
94.4262 	 0.571496 	 0.637305
94.4262 	 0.588807 	 0.950873
94.4262 	 0.606009 	 2.14529
94.4262 	 0.62308 	 4.62239
94.4262 	 0.64 	 8.62499

100.328 	 0.38 	 20.9597
100.328 	 0.397096 	 15.0009
100.328 	 0.414319 	 10.6678
100.328 	 0.431648 	 7.65481
100.328 	 0.44906 	 5.66531
100.328 	 0.466535 	 4.25559
100.328 	 0.484052 	 3.32448
100.328 	 0.501588 	 2.51277
100.328 	 0.519122 	 1.83051
100.328 	 0.536632 	 1.24399
100.328 	 0.554098 	 0.79343
100.328 	 0.571496 	 0.556049
100.328 	 0.588807 	 0.883931
100.328 	 0.606009 	 2.07269
100.328 	 0.62308 	 4.54662
100.328 	 0.64 	 8.56989

106.23 	 0.38 	 20.6679
106.23 	 0.397096 	 14.7494
106.23 	 0.414319 	 10.453
106.23 	 0.431648 	 7.47369
106.23 	 0.44906 	 5.51525
106.23 	 0.466535 	 4.11402
106.23 	 0.484052 	 3.21131
106.23 	 0.501588 	 2.40725
106.23 	 0.519122 	 1.73324
106.23 	 0.536632 	 1.15643
106.23 	 0.554098 	 0.714632
106.23 	 0.571496 	 0.465752
106.23 	 0.588807 	 0.807731
106.23 	 0.606009 	 1.99164
106.23 	 0.62308 	 4.46515
106.23 	 0.64 	 8.51247

112.131 	 0.38 	 20.3289
112.131 	 0.397096 	 14.4556
112.131 	 0.414319 	 10.2007
112.131 	 0.431648 	 7.25952
112.131 	 0.44906 	 5.33651
112.131 	 0.466535 	 3.95002
112.131 	 0.484052 	 3.07977
112.131 	 0.501588 	 2.28869
112.131 	 0.519122 	 1.62803
112.131 	 0.536632 	 1.06568
112.131 	 0.554098 	 0.631384
112.131 	 0.571496 	 0.371292
112.131 	 0.588807 	 0.726826
112.131 	 0.606009 	 1.90666
112.131 	 0.62308 	 4.38232
112.131 	 0.64 	 8.45657

118.033 	 0.38 	 19.956
118.033 	 0.397096 	 14.1316
118.033 	 0.414319 	 9.92192
118.033 	 0.431648 	 7.02239
118.033 	 0.44906 	 5.12716
118.033 	 0.466535 	 3.77214
118.033 	 0.484052 	 2.9387
118.033 	 0.501588 	 2.16498
118.033 	 0.519122 	 1.52176
118.033 	 0.536632 	 0.976308
118.033 	 0.554098 	 0.545953
118.033 	 0.571496 	 0.278483
118.033 	 0.588807 	 0.646672
118.033 	 0.606009 	 1.82308
118.033 	 0.62308 	 4.30323
118.033 	 0.64 	 8.40667

123.934 	 0.38 	 19.5638
123.934 	 0.397096 	 13.7909
123.934 	 0.414319 	 9.62898
123.934 	 0.431648 	 6.77367
123.934 	 0.44906 	 4.90638
123.934 	 0.466535 	 3.59007
123.934 	 0.484052 	 2.79712
123.934 	 0.501588 	 2.04491
123.934 	 0.519122 	 1.42285
123.934 	 0.536632 	 0.89119
123.934 	 0.554098 	 0.468472
123.934 	 0.571496 	 0.193269
123.934 	 0.588807 	 0.573318
123.934 	 0.606009 	 1.74679
123.934 	 0.62308 	 4.23344
123.934 	 0.64 	 8.36764

129.836 	 0.38 	 19.1676
129.836 	 0.397096 	 13.4477
129.836 	 0.414319 	 9.33496
129.836 	 0.431648 	 6.52535
129.836 	 0.44906 	 4.69
129.836 	 0.466535 	 3.41371
129.836 	 0.484052 	 2.65099
129.836 	 0.501588 	 1.93695
129.836 	 0.519122 	 1.33906
129.836 	 0.536632 	 0.821737
129.836 	 0.554098 	 0.405086
129.836 	 0.571496 	 0.113313
129.836 	 0.588807 	 0.5128
129.836 	 0.606009 	 1.68115
129.836 	 0.62308 	 4.17864
129.836 	 0.64 	 8.34449

135.738 	 0.38 	 18.7825
135.738 	 0.397096 	 13.116
135.738 	 0.414319 	 9.05294
135.738 	 0.431648 	 6.28956
135.738 	 0.44906 	 4.48919
135.738 	 0.466535 	 3.25356
135.738 	 0.484052 	 2.52078
135.738 	 0.501588 	 1.84889
135.738 	 0.519122 	 1.27659
135.738 	 0.536632 	 0.773732
135.738 	 0.554098 	 0.347288
135.738 	 0.571496 	 0.0531244
135.738 	 0.588807 	 0.458608
135.738 	 0.606009 	 1.62619
135.738 	 0.62308 	 4.14298
135.738 	 0.64 	 8.33901

141.639 	 0.38 	 18.423
141.639 	 0.397096 	 12.8093
141.639 	 0.414319 	 8.79535
141.639 	 0.431648 	 6.07773
141.639 	 0.44906 	 4.31458
141.639 	 0.466535 	 3.12027
141.639 	 0.484052 	 2.41866
141.639 	 0.501588 	 1.78685
141.639 	 0.519122 	 1.24177
141.639 	 0.536632 	 0.74252
141.639 	 0.554098 	 0.303832
141.639 	 0.571496 	 0.0168896
141.639 	 0.588807 	 0.409741
141.639 	 0.606009 	 1.59472
141.639 	 0.62308 	 4.13457
141.639 	 0.64 	 8.3529

147.541 	 0.38 	 18.102
147.541 	 0.397096 	 12.5395
147.541 	 0.414319 	 8.57332
147.541 	 0.431648 	 5.90012
147.541 	 0.44906 	 4.17557
147.541 	 0.466535 	 3.02226
147.541 	 0.484052 	 2.35295
147.541 	 0.501588 	 1.75725
147.541 	 0.519122 	 1.24049
147.541 	 0.536632 	 0.74175
147.541 	 0.554098 	 0.284817
147.541 	 0.571496 	 3.46328e-10
147.541 	 0.588807 	 0.389448
147.541 	 0.606009 	 1.59184
147.541 	 0.62308 	 4.15621
147.541 	 0.64 	 8.39787

153.443 	 0.38 	 17.8304
153.443 	 0.397096 	 12.3169
153.443 	 0.414319 	 8.3962
153.443 	 0.431648 	 5.76524
153.443 	 0.44906 	 4.07979
153.443 	 0.466535 	 2.96633
153.443 	 0.484052 	 2.32992
153.443 	 0.501588 	 1.76549
153.443 	 0.519122 	 1.2775
153.443 	 0.536632 	 0.769006
153.443 	 0.554098 	 0.300935
153.443 	 0.571496 	 0.0176931
153.443 	 0.588807 	 0.397305
153.443 	 0.606009 	 1.6216
153.443 	 0.62308 	 4.21125
153.443 	 0.64 	 8.47655

159.344 	 0.38 	 17.6168
159.344 	 0.397096 	 12.149
159.344 	 0.414319 	 8.27094
159.344 	 0.431648 	 5.67985
159.344 	 0.44906 	 4.03314
159.344 	 0.466535 	 2.95743
159.344 	 0.484052 	 2.35336
159.344 	 0.501588 	 1.81559
159.344 	 0.519122 	 1.34071
159.344 	 0.536632 	 0.828917
159.344 	 0.554098 	 0.343709
159.344 	 0.571496 	 0.0591802
159.344 	 0.588807 	 0.433982
159.344 	 0.606009 	 1.68675
159.344 	 0.62308 	 4.30185
159.344 	 0.64 	 8.59064

165.246 	 0.38 	 17.4666
165.246 	 0.397096 	 12.0411
165.246 	 0.414319 	 8.2024
165.246 	 0.431648 	 5.64872
165.246 	 0.44906 	 4.03967
165.246 	 0.466535 	 2.99698
165.246 	 0.484052 	 2.4244
165.246 	 0.501588 	 1.9099
165.246 	 0.519122 	 1.44497
165.246 	 0.536632 	 0.92067
165.246 	 0.554098 	 0.425578
165.246 	 0.571496 	 0.137128
165.246 	 0.588807 	 0.509803
165.246 	 0.606009 	 1.78865
165.246 	 0.62308 	 4.42894
165.246 	 0.64 	 8.74064

171.148 	 0.38 	 17.383
171.148 	 0.397096 	 11.996
171.148 	 0.414319 	 8.19296
171.148 	 0.431648 	 5.67358
171.148 	 0.44906 	 4.10116
171.148 	 0.466535 	 3.08557
171.148 	 0.484052 	 2.54372
171.148 	 0.501588 	 2.04889
171.148 	 0.519122 	 1.57773
171.148 	 0.536632 	 1.04635
171.148 	 0.554098 	 0.53424
171.148 	 0.571496 	 0.240812
171.148 	 0.588807 	 0.625072
171.148 	 0.606009 	 1.92727
171.148 	 0.62308 	 4.5921
171.148 	 0.64 	 8.92577

177.049 	 0.38 	 17.3664
177.049 	 0.397096 	 12.0138
177.049 	 0.414319 	 8.24246
177.049 	 0.431648 	 5.75379
177.049 	 0.44906 	 4.21661
177.049 	 0.466535 	 3.22226
177.049 	 0.484052 	 2.71004
177.049 	 0.501588 	 2.23115
177.049 	 0.519122 	 1.7465
177.049 	 0.536632 	 1.19989
177.049 	 0.554098 	 0.679346
177.049 	 0.571496 	 0.378407
177.049 	 0.588807 	 0.778539
177.049 	 0.606009 	 2.10111
177.049 	 0.62308 	 4.78952
177.049 	 0.64 	 9.14393

182.951 	 0.38 	 17.4144
182.951 	 0.397096 	 12.092
182.951 	 0.414319 	 8.34829
182.951 	 0.431648 	 5.8863
182.951 	 0.44906 	 4.38232
182.951 	 0.466535 	 3.40411
182.951 	 0.484052 	 2.9202
182.951 	 0.501588 	 2.44065
182.951 	 0.519122 	 1.94237
182.951 	 0.536632 	 1.38498
182.951 	 0.554098 	 0.84818
182.951 	 0.571496 	 0.537078
182.951 	 0.588807 	 0.967411
182.951 	 0.606009 	 2.30724
182.951 	 0.62308 	 5.01806
182.951 	 0.64 	 9.39182

188.852 	 0.38 	 17.5223
188.852 	 0.397096 	 12.2256
188.852 	 0.414319 	 8.50556
188.852 	 0.431648 	 6.06482
188.852 	 0.44906 	 4.59203
188.852 	 0.466535 	 3.62632
188.852 	 0.484052 	 3.15544
188.852 	 0.501588 	 2.68008
188.852 	 0.519122 	 2.16235
188.852 	 0.536632 	 1.58756
188.852 	 0.554098 	 1.04466
188.852 	 0.571496 	 0.723563
188.852 	 0.588807 	 1.18747
188.852 	 0.606009 	 2.54141
188.852 	 0.62308 	 5.27336
188.852 	 0.64 	 9.66497

194.754 	 0.38 	 17.6829
194.754 	 0.397096 	 12.4078
194.754 	 0.414319 	 8.70739
194.754 	 0.431648 	 6.28244
194.754 	 0.44906 	 4.8363
194.754 	 0.466535 	 3.88242
194.754 	 0.484052 	 3.41853
194.754 	 0.501588 	 2.93308
194.754 	 0.519122 	 2.4035
194.754 	 0.536632 	 1.81412
194.754 	 0.554098 	 1.25757
194.754 	 0.571496 	 0.935836
194.754 	 0.588807 	 1.4212
194.754 	 0.606009 	 2.79823
194.754 	 0.62308 	 5.54999
194.754 	 0.64 	 9.94949

200.656 	 0.38 	 17.8876
200.656 	 0.397096 	 12.6299
200.656 	 0.414319 	 8.94523
200.656 	 0.431648 	 6.5311
200.656 	 0.44906 	 5.09243
200.656 	 0.466535 	 4.16463
200.656 	 0.484052 	 3.70446
200.656 	 0.501588 	 3.20232
200.656 	 0.519122 	 2.65249
200.656 	 0.536632 	 2.04549
200.656 	 0.554098 	 1.48532
200.656 	 0.571496 	 1.16767
200.656 	 0.588807 	 1.66412
200.656 	 0.606009 	 3.07135
200.656 	 0.62308 	 5.84164
200.656 	 0.64 	 10.2442

206.557 	 0.38 	 18.1259
206.557 	 0.397096 	 12.8818
206.557 	 0.414319 	 9.20925
206.557 	 0.431648 	 6.80163
206.557 	 0.44906 	 5.36733
206.557 	 0.466535 	 4.46407
206.557 	 0.484052 	 3.99182
206.557 	 0.501588 	 3.47535
206.557 	 0.519122 	 2.91238
206.557 	 0.536632 	 2.28737
206.557 	 0.554098 	 1.71798
206.557 	 0.571496 	 1.41203
206.557 	 0.588807 	 1.9172
206.557 	 0.606009 	 3.35373
206.557 	 0.62308 	 6.14137
206.557 	 0.64 	 10.5442

212.459 	 0.38 	 18.3866
212.459 	 0.397096 	 13.1524
212.459 	 0.414319 	 9.4887
212.459 	 0.431648 	 7.08397
212.459 	 0.44906 	 5.65129
212.459 	 0.466535 	 4.77113
212.459 	 0.484052 	 4.28087
212.459 	 0.501588 	 3.7451
212.459 	 0.519122 	 3.16234
212.459 	 0.536632 	 2.52167
212.459 	 0.554098 	 1.95758
212.459 	 0.571496 	 1.6614
212.459 	 0.588807 	 2.17314
212.459 	 0.606009 	 3.63789
212.459 	 0.62308 	 6.44185
212.459 	 0.64 	 10.8423

218.361 	 0.38 	 18.6581
218.361 	 0.397096 	 13.4305
218.361 	 0.414319 	 9.77254
218.361 	 0.431648 	 7.36778
218.361 	 0.44906 	 5.93433
218.361 	 0.466535 	 5.076
218.361 	 0.484052 	 4.55223
218.361 	 0.501588 	 4.00551
218.361 	 0.519122 	 3.40907
218.361 	 0.536632 	 2.75121
218.361 	 0.554098 	 2.19612
218.361 	 0.571496 	 1.90801
218.361 	 0.588807 	 2.42448
218.361 	 0.606009 	 3.91621
218.361 	 0.62308 	 6.73561
218.361 	 0.64 	 11.1314

224.262 	 0.38 	 18.9288
224.262 	 0.397096 	 13.7047
224.262 	 0.414319 	 10.0498
224.262 	 0.431648 	 7.64286
224.262 	 0.44906 	 6.20661
224.262 	 0.466535 	 5.35812
224.262 	 0.484052 	 4.80923
224.262 	 0.501588 	 4.2451
224.262 	 0.519122 	 3.63135
224.262 	 0.536632 	 2.95854
224.262 	 0.554098 	 2.4066
224.262 	 0.571496 	 2.14423
224.262 	 0.588807 	 2.66385
224.262 	 0.606009 	 4.18119
224.262 	 0.62308 	 7.01533
224.262 	 0.64 	 11.4047

230.164 	 0.38 	 19.1876
230.164 	 0.397096 	 13.9644
230.164 	 0.414319 	 10.3101
230.164 	 0.431648 	 7.89948
230.164 	 0.44906 	 6.45879
230.164 	 0.466535 	 5.61698
230.164 	 0.484052 	 5.03445
230.164 	 0.501588 	 4.46089
230.164 	 0.519122 	 3.83559
230.164 	 0.536632 	 3.14864
230.164 	 0.554098 	 2.59293
230.164 	 0.571496 	 2.36277
230.164 	 0.588807 	 2.88428
230.164 	 0.606009 	 4.42571
230.164 	 0.62308 	 7.27406
230.164 	 0.64 	 11.6554

236.066 	 0.38 	 19.4243
236.066 	 0.397096 	 14.1996
236.066 	 0.414319 	 10.544
236.066 	 0.431648 	 8.12881
236.066 	 0.44906 	 6.6824
236.066 	 0.466535 	 5.83785
236.066 	 0.484052 	 5.23165
236.066 	 0.501588 	 4.64375
236.066 	 0.519122 	 4.00367
236.066 	 0.536632 	 3.30312
236.066 	 0.554098 	 2.75527
236.066 	 0.571496 	 2.55701
236.066 	 0.588807 	 3.07941
236.066 	 0.606009 	 4.64332
236.066 	 0.62308 	 7.50547
236.066 	 0.64 	 11.8777

241.967 	 0.38 	 19.6303
241.967 	 0.397096 	 14.4019
241.967 	 0.414319 	 10.7433
241.967 	 0.431648 	 8.32322
241.967 	 0.44906 	 6.87015
241.967 	 0.466535 	 6.02141
241.967 	 0.484052 	 5.38349
241.967 	 0.501588 	 4.78876
241.967 	 0.519122 	 4.1398
241.967 	 0.536632 	 3.42773
241.967 	 0.554098 	 2.88798
241.967 	 0.571496 	 2.72122
241.967 	 0.588807 	 3.24376
241.967 	 0.606009 	 4.82838
241.967 	 0.62308 	 7.70403
241.967 	 0.64 	 12.0664

247.869 	 0.38 	 19.7982
247.869 	 0.397096 	 14.5644
247.869 	 0.414319 	 10.9012
247.869 	 0.431648 	 8.47653
247.869 	 0.44906 	 7.01614
247.869 	 0.466535 	 6.16055
247.869 	 0.484052 	 5.49676
247.869 	 0.501588 	 4.89681
247.869 	 0.519122 	 4.23765
247.869 	 0.536632 	 3.51871
247.869 	 0.554098 	 2.98652
247.869 	 0.571496 	 2.85073
247.869 	 0.588807 	 3.37287
247.869 	 0.606009 	 4.97632
247.869 	 0.62308 	 7.8566
247.869 	 0.64 	 12.2171

253.77 	 0.38 	 19.9229
253.77 	 0.397096 	 14.6821
253.77 	 0.414319 	 11.0131
253.77 	 0.431648 	 8.58423
253.77 	 0.44906 	 7.1078
253.77 	 0.466535 	 6.25028
253.77 	 0.484052 	 5.56396
253.77 	 0.501588 	 4.95541
253.77 	 0.519122 	 4.29045
253.77 	 0.536632 	 3.57274
253.77 	 0.554098 	 3.04764
253.77 	 0.571496 	 2.94211
253.77 	 0.588807 	 3.46345
253.77 	 0.606009 	 5.0837
253.77 	 0.62308 	 7.95596
253.77 	 0.64 	 12.3267

259.672 	 0.38 	 20.001
259.672 	 0.397096 	 14.7519
259.672 	 0.414319 	 11.0759
259.672 	 0.431648 	 8.64357
259.672 	 0.44906 	 7.1515
259.672 	 0.466535 	 6.29418
259.672 	 0.484052 	 5.58234
259.672 	 0.501588 	 4.9721
259.672 	 0.519122 	 4.30366
259.672 	 0.536632 	 3.58789
259.672 	 0.554098 	 3.06942
259.672 	 0.571496 	 2.99322
259.672 	 0.588807 	 3.51345
259.672 	 0.606009 	 5.14834
259.672 	 0.62308 	 8.01241
259.672 	 0.64 	 12.3932

265.574 	 0.38 	 20.0253
265.574 	 0.397096 	 14.7727
265.574 	 0.414319 	 11.0887
265.574 	 0.431648 	 8.67385
265.574 	 0.44906 	 7.14706
265.574 	 0.466535 	 6.29124
265.574 	 0.484052 	 5.55691
265.574 	 0.501588 	 4.94679
265.574 	 0.519122 	 4.27681
265.574 	 0.536632 	 3.56371
265.574 	 0.554098 	 3.05136
265.574 	 0.571496 	 3.00326
265.574 	 0.588807 	 3.52213
265.574 	 0.606009 	 5.16933
265.574 	 0.62308 	 8.02514
265.574 	 0.64 	 12.4157

271.475 	 0.38 	 19.9914
271.475 	 0.397096 	 14.7453
271.475 	 0.414319 	 11.0523
271.475 	 0.431648 	 8.6301
271.475 	 0.44906 	 7.09406
271.475 	 0.466535 	 6.22191
271.475 	 0.484052 	 5.48873
271.475 	 0.501588 	 4.88052
271.475 	 0.519122 	 4.20873
271.475 	 0.536632 	 3.50114
271.475 	 0.554098 	 2.99432
271.475 	 0.571496 	 2.96376
271.475 	 0.588807 	 3.48999
271.475 	 0.606009 	 5.14705
271.475 	 0.62308 	 7.99459
271.475 	 0.64 	 12.3945

277.377 	 0.38 	 19.9145
277.377 	 0.397096 	 14.6603
277.377 	 0.414319 	 10.9695
277.377 	 0.431648 	 8.53914
277.377 	 0.44906 	 6.99439
277.377 	 0.466535 	 6.10946
277.377 	 0.484052 	 5.38039
277.377 	 0.501588 	 4.77212
277.377 	 0.519122 	 4.10248
277.377 	 0.536632 	 3.4025
277.377 	 0.554098 	 2.90043
277.377 	 0.571496 	 2.87141
277.377 	 0.588807 	 3.48276
277.377 	 0.606009 	 5.08308
277.377 	 0.62308 	 7.92234
277.377 	 0.64 	 12.331

283.279 	 0.38 	 19.7994
283.279 	 0.397096 	 14.5317
283.279 	 0.414319 	 10.8447
283.279 	 0.431648 	 8.40525
283.279 	 0.44906 	 6.85571
283.279 	 0.466535 	 5.95943
283.279 	 0.484052 	 5.23406
283.279 	 0.501588 	 4.63051
283.279 	 0.519122 	 3.96486
283.279 	 0.536632 	 3.27131
283.279 	 0.554098 	 2.77305
283.279 	 0.571496 	 2.74483
283.279 	 0.588807 	 3.36682
283.279 	 0.606009 	 4.98013
283.279 	 0.62308 	 7.81107
283.279 	 0.64 	 12.2276

289.18 	 0.38 	 19.6524
289.18 	 0.397096 	 14.3697
289.18 	 0.414319 	 10.6838
289.18 	 0.431648 	 8.23411
289.18 	 0.44906 	 6.68343
289.18 	 0.466535 	 5.77713
289.18 	 0.484052 	 5.05783
289.18 	 0.501588 	 4.46081
289.18 	 0.519122 	 3.80074
289.18 	 0.536632 	 3.11218
289.18 	 0.554098 	 2.61655
289.18 	 0.571496 	 2.58821
289.18 	 0.588807 	 3.21726
289.18 	 0.606009 	 4.84194
289.18 	 0.62308 	 7.6644
289.18 	 0.64 	 12.0879

295.082 	 0.38 	 19.481
295.082 	 0.397096 	 14.1816
295.082 	 0.414319 	 10.4938
295.082 	 0.431648 	 8.03256
295.082 	 0.44906 	 6.51076
295.082 	 0.466535 	 5.56889
295.082 	 0.484052 	 4.85831
295.082 	 0.501588 	 4.26901
295.082 	 0.519122 	 3.61589
295.082 	 0.536632 	 2.9306
295.082 	 0.554098 	 2.43618
295.082 	 0.571496 	 2.40657
295.082 	 0.588807 	 3.03896
295.082 	 0.606009 	 4.6731
295.082 	 0.62308 	 7.48682
295.082 	 0.64 	 11.9159

300.984 	 0.38 	 19.2936
300.984 	 0.397096 	 13.9757
300.984 	 0.414319 	 10.2723
300.984 	 0.431648 	 7.80834
300.984 	 0.44906 	 6.28252
300.984 	 0.466535 	 5.3418
300.984 	 0.484052 	 4.64097
300.984 	 0.501588 	 4.06179
300.984 	 0.519122 	 3.41678
300.984 	 0.536632 	 2.73276
300.984 	 0.554098 	 2.23785
300.984 	 0.571496 	 2.20561
300.984 	 0.588807 	 2.83754
300.984 	 0.606009 	 4.47889
300.984 	 0.62308 	 7.28347
300.984 	 0.64 	 11.7166

306.885 	 0.38 	 19.0993
306.885 	 0.397096 	 13.7608
306.885 	 0.414319 	 10.0398
306.885 	 0.431648 	 7.56985
306.885 	 0.44906 	 6.04044
306.885 	 0.466535 	 5.10352
306.885 	 0.484052 	 4.41163
306.885 	 0.501588 	 3.84444
306.885 	 0.519122 	 3.21036
306.885 	 0.536632 	 2.52532
306.885 	 0.554098 	 2.02797
306.885 	 0.571496 	 1.99149
306.885 	 0.588807 	 2.61907
306.885 	 0.606009 	 4.25539
306.885 	 0.62308 	 7.05998
306.885 	 0.64 	 11.4954

312.787 	 0.38 	 18.9076
312.787 	 0.397096 	 13.5462
312.787 	 0.414319 	 9.80544
312.787 	 0.431648 	 7.3258
312.787 	 0.44906 	 5.78889
312.787 	 0.466535 	 4.86196
312.787 	 0.484052 	 4.17929
312.787 	 0.501588 	 3.62192
312.787 	 0.519122 	 2.99791
312.787 	 0.536632 	 2.31519
312.787 	 0.554098 	 1.8132
312.787 	 0.571496 	 1.77064
312.787 	 0.588807 	 2.38999
312.787 	 0.606009 	 4.01688
312.787 	 0.62308 	 6.82234
312.787 	 0.64 	 11.258

318.689 	 0.38 	 18.7277
318.689 	 0.397096 	 13.341
318.689 	 0.414319 	 9.57818
318.689 	 0.431648 	 7.08501
318.689 	 0.44906 	 5.54023
318.689 	 0.466535 	 4.6251
318.689 	 0.484052 	 3.95168
318.689 	 0.501588 	 3.40433
318.689 	 0.519122 	 2.79043
318.689 	 0.536632 	 2.10933
318.689 	 0.554098 	 1.60024
318.689 	 0.571496 	 1.60205
318.689 	 0.588807 	 2.15682
318.689 	 0.606009 	 3.77301
318.689 	 0.62308 	 6.57666
318.689 	 0.64 	 11.0103

324.59 	 0.38 	 18.5689
324.59 	 0.397096 	 13.1542
324.59 	 0.414319 	 9.36679
324.59 	 0.431648 	 6.85608
324.59 	 0.44906 	 5.30159
324.59 	 0.466535 	 4.41816
324.59 	 0.484052 	 3.76073
324.59 	 0.501588 	 3.22483
324.59 	 0.519122 	 2.59528
324.59 	 0.536632 	 1.94634
324.59 	 0.554098 	 1.43197
324.59 	 0.571496 	 1.3753
324.59 	 0.588807 	 1.926
324.59 	 0.606009 	 3.53005
324.59 	 0.62308 	 6.32901
324.59 	 0.64 	 10.7582

330.492 	 0.38 	 18.4396
330.492 	 0.397096 	 12.9941
330.492 	 0.414319 	 9.17949
330.492 	 0.431648 	 6.64713
330.492 	 0.44906 	 5.07134
330.492 	 0.466535 	 4.19238
330.492 	 0.484052 	 3.54337
330.492 	 0.501588 	 3.02263
330.492 	 0.519122 	 2.4344
330.492 	 0.536632 	 1.75889
330.492 	 0.554098 	 1.23116
330.492 	 0.571496 	 1.16102
330.492 	 0.588807 	 1.7037
330.492 	 0.606009 	 3.29404
330.492 	 0.62308 	 6.08526
330.492 	 0.64 	 10.5074

336.393 	 0.38 	 18.3471
336.393 	 0.397096 	 12.8682
336.393 	 0.414319 	 9.02372
336.393 	 0.431648 	 6.46553
336.393 	 0.44906 	 4.8659
336.393 	 0.466535 	 3.98895
336.393 	 0.484052 	 3.35092
336.393 	 0.501588 	 2.83916
336.393 	 0.519122 	 2.2607
336.393 	 0.536632 	 1.59524
336.393 	 0.554098 	 1.05118
336.393 	 0.571496 	 0.965044
336.393 	 0.588807 	 1.49562
336.393 	 0.606009 	 3.07059
336.393 	 0.62308 	 5.85089
336.393 	 0.64 	 10.2631

342.295 	 0.38 	 18.2979
342.295 	 0.397096 	 12.7829
342.295 	 0.414319 	 8.90584
342.295 	 0.431648 	 6.3177
342.295 	 0.44906 	 4.69162
342.295 	 0.466535 	 3.80574
342.295 	 0.484052 	 3.17712
342.295 	 0.501588 	 2.67973
342.295 	 0.519122 	 2.11492
342.295 	 0.536632 	 1.45968
342.295 	 0.554098 	 0.897247
342.295 	 0.571496 	 0.792512
342.295 	 0.588807 	 1.30684
342.295 	 0.606009 	 2.86471
342.295 	 0.62308 	 5.63085
342.295 	 0.64 	 10.0304

348.197 	 0.38 	 18.2966
348.197 	 0.397096 	 12.7431
348.197 	 0.414319 	 8.83094
348.197 	 0.431648 	 6.20881
348.197 	 0.44906 	 4.55378
348.197 	 0.466535 	 3.65093
348.197 	 0.484052 	 3.03488
348.197 	 0.501588 	 2.54484
348.197 	 0.519122 	 1.9884
348.197 	 0.536632 	 1.34232
348.197 	 0.554098 	 0.77363
348.197 	 0.571496 	 0.647708
348.197 	 0.588807 	 1.14161
348.197 	 0.606009 	 2.68068
348.197 	 0.62308 	 5.42936
348.197 	 0.64 	 9.81332

354.098 	 0.38 	 18.3464
354.098 	 0.397096 	 12.7521
354.098 	 0.414319 	 8.80258
354.098 	 0.431648 	 6.14262
354.098 	 0.44906 	 4.45629
354.098 	 0.466535 	 3.52516
354.098 	 0.484052 	 2.91354
354.098 	 0.501588 	 2.43664
354.098 	 0.519122 	 1.89321
354.098 	 0.536632 	 1.2573
354.098 	 0.554098 	 0.68353
354.098 	 0.571496 	 0.533906
354.098 	 0.588807 	 1.00327
354.098 	 0.606009 	 2.52188
354.098 	 0.62308 	 5.24988
354.098 	 0.64 	 9.61541

360 	 0.38 	 18.4483
360 	 0.397096 	 12.8115
360 	 0.414319 	 8.82263
360 	 0.431648 	 6.12128
360 	 0.44906 	 4.40158
360 	 0.466535 	 3.44016
360 	 0.484052 	 2.82394
360 	 0.501588 	 2.35949
360 	 0.519122 	 1.82235
360 	 0.536632 	 1.19401
360 	 0.554098 	 0.628933
360 	 0.571496 	 0.453245
360 	 0.588807 	 0.894089
360 	 0.606009 	 2.39072
360 	 0.62308 	 5.0949
360 	 0.64 	 9.43923

