0 	 0 	 0.980474 
0 	 0.1 	 0.521741 
0 	 0.2 	 1.02578 
0 	 0.3 	 2.29755 
0 	 0.4 	 4.18302 
0 	 0.5 	 6.39804 
0 	 0.6 	 8.59665 
0 	 0.7 	 10.3433 
0 	 0.8 	 13.4233 
0 	 0.9 	 18.1346 
0 	 1 	 25.1378 
0 	 1.1 	 34.6826 
0 	 1.2 	 46.8833 
0 	 1.3 	 61.6995 
0 	 1.4 	 79.0071 
0 	 1.5 	 98.5779 
0 	 1.6 	 120.199 
0 	 1.7 	 143.596 
0 	 1.8 	 168.447 
0 	 1.9 	 194.428 
0 	 2 	 221.213 
0 	 2.1 	 248.483 
0 	 2.2 	 275.924 
0 	 2.3 	 303.301 
0 	 2.4 	 330.338 
0 	 2.5 	 356.809 

5.90164 	 0 	 0.825781 
5.90164 	 0.1 	 0.460013 
5.90164 	 0.2 	 1.0147 
5.90164 	 0.3 	 2.36642 
5.90164 	 0.4 	 4.33705 
5.90164 	 0.5 	 6.35339 
5.90164 	 0.6 	 8.03438 
5.90164 	 0.7 	 11.0022 
5.90164 	 0.8 	 15.4938 
5.90164 	 0.9 	 22.1937 
5.90164 	 1 	 31.3681 
5.90164 	 1.1 	 43.1224 
5.90164 	 1.2 	 57.419 
5.90164 	 1.3 	 74.1557 
5.90164 	 1.4 	 93.2597 
5.90164 	 1.5 	 114.482 
5.90164 	 1.6 	 137.534 
5.90164 	 1.7 	 162.101 
5.90164 	 1.8 	 187.858 
5.90164 	 1.9 	 214.481 
5.90164 	 2 	 241.656 
5.90164 	 2.1 	 269.086 
5.90164 	 2.2 	 296.498 
5.90164 	 2.3 	 323.649 
5.90164 	 2.4 	 350.327 
5.90164 	 2.5 	 376.312 

11.8033 	 0 	 0.715524 
11.8033 	 0.1 	 0.439124 
11.8033 	 0.2 	 1.10715 
11.8033 	 0.3 	 2.68152 
11.8033 	 0.4 	 4.53166 
11.8033 	 0.5 	 5.89118 
11.8033 	 0.6 	 8.5387 
11.8033 	 0.7 	 12.6569 
11.8033 	 0.8 	 18.9115 
11.8033 	 0.9 	 27.5725 
11.8033 	 1 	 38.8291 
11.8033 	 1.1 	 52.4986 
11.8033 	 1.2 	 68.7274 
11.8033 	 1.3 	 87.37 
11.8033 	 1.4 	 108.19 
11.8033 	 1.5 	 130.904 
11.8033 	 1.6 	 155.202 
11.8033 	 1.7 	 180.76 
11.8033 	 1.8 	 207.237 
11.8033 	 1.9 	 234.336 
11.8033 	 2 	 261.765 
11.8033 	 2.1 	 289.214 
11.8033 	 2.2 	 316.435 
11.8033 	 2.3 	 343.214 
11.8033 	 2.4 	 369.363 
11.8033 	 2.5 	 394.661 

17.7049 	 0 	 0.648201 
17.7049 	 0.1 	 0.453168 
17.7049 	 0.2 	 1.29522 
17.7049 	 0.3 	 3.06084 
17.7049 	 0.4 	 4.07358 
17.7049 	 0.5 	 6.14586 
17.7049 	 0.6 	 9.73137 
17.7049 	 0.7 	 15.3339 
17.7049 	 0.8 	 23.3465 
17.7049 	 0.9 	 33.9703 
17.7049 	 1 	 46.9684 
17.7049 	 1.1 	 62.6044 
17.7049 	 1.2 	 80.7224 
17.7049 	 1.3 	 101.095 
17.7049 	 1.4 	 123.446 
17.7049 	 1.5 	 147.464 
17.7049 	 1.6 	 172.784 
17.7049 	 1.7 	 199.045 
17.7049 	 1.8 	 226.039 
17.7049 	 1.9 	 253.452 
17.7049 	 2 	 280.994 
17.7049 	 2.1 	 308.399 
17.7049 	 2.2 	 335.432 
17.7049 	 2.3 	 361.783 
17.7049 	 2.4 	 387.339 
17.7049 	 2.5 	 411.905 

23.6066 	 0 	 0.620407 
23.6066 	 0.1 	 0.49586 
23.6066 	 0.2 	 1.56861 
23.6066 	 0.3 	 2.82096 
23.6066 	 0.4 	 4.0478 
23.6066 	 0.5 	 6.90808 
23.6066 	 0.6 	 11.6357 
23.6066 	 0.7 	 18.7863 
23.6066 	 0.8 	 28.5899 
23.6066 	 0.9 	 40.8249 
23.6066 	 1 	 55.7316 
23.6066 	 1.1 	 73.2137 
23.6066 	 1.2 	 93.0522 
23.6066 	 1.3 	 114.974 
23.6066 	 1.4 	 138.586 
23.6066 	 1.5 	 163.526 
23.6066 	 1.6 	 189.624 
23.6066 	 1.7 	 216.546 
23.6066 	 1.8 	 243.97 
23.6066 	 1.9 	 271.593 
23.6066 	 2 	 299.139 
23.6066 	 2.1 	 326.362 
23.6066 	 2.2 	 353.048 
23.6066 	 2.3 	 378.936 
23.6066 	 2.4 	 403.944 
23.6066 	 2.5 	 427.845 

29.5082 	 0 	 0.627079 
29.5082 	 0.1 	 0.560812 
29.5082 	 0.2 	 1.89168 
29.5082 	 0.3 	 2.56331 
29.5082 	 0.4 	 4.39801 
29.5082 	 0.5 	 8.06641 
29.5082 	 0.6 	 14.0921 
29.5082 	 0.7 	 22.8327 
29.5082 	 0.8 	 34.1663 
29.5082 	 0.9 	 48.153 
29.5082 	 1 	 64.8356 
29.5082 	 1.1 	 84.0036 
29.5082 	 1.2 	 105.386 
29.5082 	 1.3 	 128.47 
29.5082 	 1.4 	 153.082 
29.5082 	 1.5 	 178.972 
29.5082 	 1.6 	 205.797 
29.5082 	 1.7 	 233.225 
29.5082 	 1.8 	 260.939 
29.5082 	 1.9 	 288.651 
29.5082 	 2 	 316.099 
29.5082 	 2.1 	 343.057 
29.5082 	 2.2 	 369.336 
29.5082 	 2.3 	 394.687 
29.5082 	 2.4 	 419.066 
29.5082 	 2.5 	 442.336 

35.4098 	 0 	 0.661807 
35.4098 	 0.1 	 0.641766 
35.4098 	 0.2 	 2.11859 
35.4098 	 0.3 	 2.50044 
35.4098 	 0.4 	 4.97064 
35.4098 	 0.5 	 9.5805 
35.4098 	 0.6 	 16.963 
35.4098 	 0.7 	 27.204 
35.4098 	 0.8 	 40.0233 
35.4098 	 0.9 	 55.6869 
35.4098 	 1 	 73.9942 
35.4098 	 1.1 	 94.6775 
35.4098 	 1.2 	 117.188 
35.4098 	 1.3 	 141.364 
35.4098 	 1.4 	 166.965 
35.4098 	 1.5 	 193.638 
35.4098 	 1.6 	 221.035 
35.4098 	 1.7 	 248.829 
35.4098 	 1.8 	 276.712 
35.4098 	 1.9 	 304.41 
35.4098 	 2 	 331.679 
35.4098 	 2.1 	 358.315 
35.4098 	 2.2 	 384.15 
35.4098 	 2.3 	 408.948 
35.4098 	 2.4 	 432.705 
35.4098 	 2.5 	 455.781 

41.3115 	 0 	 0.717001 
41.3115 	 0.1 	 0.732775 
41.3115 	 0.2 	 1.84075 
41.3115 	 0.3 	 2.60112 
41.3115 	 0.4 	 5.68887 
41.3115 	 0.5 	 11.3682 
41.3115 	 0.6 	 20.0905 
41.3115 	 0.7 	 31.6166 
41.3115 	 0.8 	 45.9824 
41.3115 	 0.9 	 63.1809 
41.3115 	 1 	 82.9488 
41.3115 	 1.1 	 104.794 
41.3115 	 1.2 	 128.379 
41.3115 	 1.3 	 153.566 
41.3115 	 1.4 	 179.989 
41.3115 	 1.5 	 207.288 
41.3115 	 1.6 	 235.117 
41.3115 	 1.7 	 263.155 
41.3115 	 1.8 	 291.105 
41.3115 	 1.9 	 318.709 
41.3115 	 2 	 345.741 
41.3115 	 2.1 	 372.018 
41.3115 	 2.2 	 397.396 
41.3115 	 2.3 	 421.648 
41.3115 	 2.4 	 444.812 
41.3115 	 2.5 	 468.006 

47.2131 	 0 	 0.784455 
47.2131 	 0.1 	 0.828343 
47.2131 	 0.2 	 1.62736 
47.2131 	 0.3 	 2.82873 
47.2131 	 0.4 	 6.55896 
47.2131 	 0.5 	 13.3189 
47.2131 	 0.6 	 23.325 
47.2131 	 0.7 	 36.0605 
47.2131 	 0.8 	 51.8401 
47.2131 	 0.9 	 70.4156 
47.2131 	 1 	 91.4302 
47.2131 	 1.1 	 114.231 
47.2131 	 1.2 	 138.828 
47.2131 	 1.3 	 164.859 
47.2131 	 1.4 	 191.947 
47.2131 	 1.5 	 219.731 
47.2131 	 1.6 	 247.869 
47.2131 	 1.7 	 276.046 
47.2131 	 1.8 	 303.983 
47.2131 	 1.9 	 331.434 
47.2131 	 2 	 358.193 
47.2131 	 2.1 	 384.099 
47.2131 	 2.2 	 409.025 
47.2131 	 2.3 	 432.762 
47.2131 	 2.4 	 456.242 
47.2131 	 2.5 	 478.128 

53.1148 	 0 	 0.855812 
53.1148 	 0.1 	 0.92354 
53.1148 	 0.2 	 1.46773 
53.1148 	 0.3 	 3.14447 
53.1148 	 0.4 	 7.53024 
53.1148 	 0.5 	 15.3275 
53.1148 	 0.6 	 26.3859 
53.1148 	 0.7 	 40.3738 
53.1148 	 0.8 	 57.4158 
53.1148 	 0.9 	 77.1903 
53.1148 	 1 	 99.1375 
53.1148 	 1.1 	 122.909 
53.1148 	 1.2 	 148.349 
53.1148 	 1.3 	 175.064 
53.1148 	 1.4 	 202.674 
53.1148 	 1.5 	 230.801 
53.1148 	 1.6 	 259.121 
53.1148 	 1.7 	 287.356 
53.1148 	 1.8 	 315.241 
53.1148 	 1.9 	 342.514 
53.1148 	 2 	 368.985 
53.1148 	 2.1 	 394.525 
53.1148 	 2.2 	 419.024 
53.1148 	 2.3 	 442.438 
53.1148 	 2.4 	 465.804 
53.1148 	 2.5 	 486.569 

59.0164 	 0 	 0.923199 
59.0164 	 0.1 	 1.01408 
59.0164 	 0.2 	 1.35069 
59.0164 	 0.3 	 3.40836 
59.0164 	 0.4 	 8.53706 
59.0164 	 0.5 	 17.297 
59.0164 	 0.6 	 29.3097 
59.0164 	 0.7 	 44.4134 
59.0164 	 0.8 	 62.5533 
59.0164 	 0.9 	 83.3106 
59.0164 	 1 	 106.079 
59.0164 	 1.1 	 130.667 
59.0164 	 1.2 	 156.788 
59.0164 	 1.3 	 184.041 
59.0164 	 1.4 	 212.021 
59.0164 	 1.5 	 240.377 
59.0164 	 1.6 	 268.817 
59.0164 	 1.7 	 297.051 
59.0164 	 1.8 	 324.824 
59.0164 	 1.9 	 351.913 
59.0164 	 2 	 378.098 
59.0164 	 2.1 	 403.294 
59.0164 	 2.2 	 427.409 
59.0164 	 2.3 	 450.856 
59.0164 	 2.4 	 473.314 
59.0164 	 2.5 	 493.511 

64.918 	 0 	 0.980717 
64.918 	 0.1 	 1.09637 
64.918 	 0.2 	 1.26505 
64.918 	 0.3 	 3.68973 
64.918 	 0.4 	 9.51865 
64.918 	 0.5 	 19.1404 
64.918 	 0.6 	 31.9959 
64.918 	 0.7 	 48.0566 
64.918 	 0.8 	 67.116 
64.918 	 0.9 	 88.6868 
64.918 	 1 	 112.138 
64.918 	 1.1 	 137.378 
64.918 	 1.2 	 164.027 
64.918 	 1.3 	 191.671 
64.918 	 1.4 	 219.896 
64.918 	 1.5 	 248.412 
64.918 	 1.6 	 276.901 
64.918 	 1.7 	 305.083 
64.918 	 1.8 	 332.719 
64.918 	 1.9 	 359.613 
64.918 	 2 	 385.534 
64.918 	 2.1 	 410.421 
64.918 	 2.2 	 434.207 
64.918 	 2.3 	 458.085 
64.918 	 2.4 	 479.224 
64.918 	 2.5 	 499.061 

70.8197 	 0 	 1.02216 
70.8197 	 0.1 	 1.16758 
70.8197 	 0.2 	 1.19636 
70.8197 	 0.3 	 3.97065 
70.8197 	 0.4 	 10.4208 
70.8197 	 0.5 	 20.7821 
70.8197 	 0.6 	 34.3534 
70.8197 	 0.7 	 51.2012 
70.8197 	 0.8 	 70.9692 
70.8197 	 0.9 	 93.2064 
70.8197 	 1 	 117.211 
70.8197 	 1.1 	 142.942 
70.8197 	 1.2 	 169.976 
70.8197 	 1.3 	 197.86 
70.8197 	 1.4 	 226.261 
70.8197 	 1.5 	 254.855 
70.8197 	 1.6 	 283.334 
70.8197 	 1.7 	 311.43 
70.8197 	 1.8 	 338.917 
70.8197 	 1.9 	 365.61 
70.8197 	 2 	 391.308 
70.8197 	 2.1 	 415.932 
70.8197 	 2.2 	 439.444 
70.8197 	 2.3 	 462.935 
70.8197 	 2.4 	 483.699 
70.8197 	 2.5 	 503.269 

76.7213 	 0 	 1.04243 
76.7213 	 0.1 	 1.22565 
76.7213 	 0.2 	 1.11573 
76.7213 	 0.3 	 4.22404 
76.7213 	 0.4 	 11.1969 
76.7213 	 0.5 	 22.1591 
76.7213 	 0.6 	 36.3075 
76.7213 	 0.7 	 53.7654 
76.7213 	 0.8 	 74.0653 
76.7213 	 0.9 	 96.7871 
76.7213 	 1 	 121.217 
76.7213 	 1.1 	 147.287 
76.7213 	 1.2 	 174.559 
76.7213 	 1.3 	 202.588 
76.7213 	 1.4 	 231.073 
76.7213 	 1.5 	 259.677 
76.7213 	 1.6 	 288.101 
76.7213 	 1.7 	 316.087 
76.7213 	 1.8 	 343.421 
76.7213 	 1.9 	 369.931 
76.7213 	 2 	 395.443 
76.7213 	 2.1 	 419.853 
76.7213 	 2.2 	 443.422 
76.7213 	 2.3 	 466.21 
76.7213 	 2.4 	 486.781 
76.7213 	 2.5 	 506.177 

82.623 	 0 	 1.03822 
82.623 	 0.1 	 1.23514 
82.623 	 0.2 	 1.03849 
82.623 	 0.3 	 4.42726 
82.623 	 0.4 	 11.8093 
82.623 	 0.5 	 23.2219 
82.623 	 0.6 	 37.8006 
82.623 	 0.7 	 55.6875 
82.623 	 0.8 	 76.3429 
82.623 	 0.9 	 99.3938 
82.623 	 1 	 124.102 
82.623 	 1.1 	 150.366 
82.623 	 1.2 	 177.737 
82.623 	 1.3 	 205.826 
82.623 	 1.4 	 234.312 
82.623 	 1.5 	 262.867 
82.623 	 1.6 	 291.199 
82.623 	 1.7 	 319.061 
82.623 	 1.8 	 346.248 
82.623 	 1.9 	 372.597 
82.623 	 2 	 397.964 
82.623 	 2.1 	 422.157 
82.623 	 2.2 	 445.609 
82.623 	 2.3 	 468.036 
82.623 	 2.4 	 488.5 
82.623 	 2.5 	 507.793 

88.5246 	 0 	 1.00836 
88.5246 	 0.1 	 1.22961 
88.5246 	 0.2 	 0.95862 
88.5246 	 0.3 	 4.56287 
88.5246 	 0.4 	 12.2298 
88.5246 	 0.5 	 23.933 
88.5246 	 0.6 	 38.7921 
88.5246 	 0.7 	 56.9176 
88.5246 	 0.8 	 77.7617 
88.5246 	 0.9 	 100.958 
88.5246 	 1 	 125.834 
88.5246 	 1.1 	 152.153 
88.5246 	 1.2 	 179.51 
88.5246 	 1.3 	 207.562 
88.5246 	 1.4 	 235.976 
88.5246 	 1.5 	 264.428 
88.5246 	 1.6 	 292.638 
88.5246 	 1.7 	 320.366 
88.5246 	 1.8 	 347.414 
88.5246 	 1.9 	 373.628 
88.5246 	 2 	 398.82 
88.5246 	 2.1 	 422.722 
88.5246 	 2.2 	 446.312 
88.5246 	 2.3 	 468.436 
88.5246 	 2.4 	 488.878 
88.5246 	 2.5 	 507.918 

94.4262 	 0 	 0.924725 
94.4262 	 0.1 	 1.21067 
94.4262 	 0.2 	 0.8725 
94.4262 	 0.3 	 4.61923 
94.4262 	 0.4 	 12.4401 
94.4262 	 0.5 	 24.2743 
94.4262 	 0.6 	 39.2581 
94.4262 	 0.7 	 57.4364 
94.4262 	 0.8 	 78.3021 
94.4262 	 0.9 	 101.478 
94.4262 	 1 	 126.402 
94.4262 	 1.1 	 152.643 
94.4262 	 1.2 	 179.879 
94.4262 	 1.3 	 207.803 
94.4262 	 1.4 	 236.073 
94.4262 	 1.5 	 264.376 
94.4262 	 1.6 	 292.436 
94.4262 	 1.7 	 320.022 
94.4262 	 1.8 	 346.942 
94.4262 	 1.9 	 373.005 
94.4262 	 2 	 397.913 
94.4262 	 2.1 	 421.743 
94.4262 	 2.2 	 444.799 
94.4262 	 2.3 	 467.425 
94.4262 	 2.4 	 487.698 
94.4262 	 2.5 	 506.712 

100.328 	 0 	 0.81375 
100.328 	 0.1 	 1.11809 
100.328 	 0.2 	 0.779167 
100.328 	 0.3 	 4.59093 
100.328 	 0.4 	 12.4321 
100.328 	 0.5 	 24.2334 
100.328 	 0.6 	 39.1914 
100.328 	 0.7 	 57.2498 
100.328 	 0.8 	 77.9643 
100.328 	 0.9 	 100.956 
100.328 	 1 	 125.779 
100.328 	 1.1 	 151.847 
100.328 	 1.2 	 178.86 
100.328 	 1.3 	 206.568 
100.328 	 1.4 	 234.629 
100.328 	 1.5 	 262.736 
100.328 	 1.6 	 290.621 
100.328 	 1.7 	 318.056 
100.328 	 1.8 	 344.753 
100.328 	 1.9 	 370.564 
100.328 	 2 	 395.431 
100.328 	 2.1 	 419.238 
100.328 	 2.2 	 442.013 
100.328 	 2.3 	 464.844 
100.328 	 2.4 	 485.064 
100.328 	 2.5 	 504.192 

106.23 	 0 	 0.687093 
106.23 	 0.1 	 0.937199 
106.23 	 0.2 	 0.680509 
106.23 	 0.3 	 4.47906 
106.23 	 0.4 	 12.2082 
106.23 	 0.5 	 23.8174 
106.23 	 0.6 	 38.6012 
106.23 	 0.7 	 56.3717 
106.23 	 0.8 	 76.7673 
106.23 	 0.9 	 99.419 
106.23 	 1 	 123.892 
106.23 	 1.1 	 149.748 
106.23 	 1.2 	 176.488 
106.23 	 1.3 	 203.894 
106.23 	 1.4 	 231.679 
106.23 	 1.5 	 259.544 
106.23 	 1.6 	 287.181 
106.23 	 1.7 	 314.307 
106.23 	 1.8 	 340.806 
106.23 	 1.9 	 366.536 
106.23 	 2 	 391.396 
106.23 	 2.1 	 415.219 
106.23 	 2.2 	 437.935 
106.23 	 2.3 	 460.673 
106.23 	 2.4 	 481.067 
106.23 	 2.5 	 500.323 

112.131 	 0 	 0.55141 
112.131 	 0.1 	 0.783265 
112.131 	 0.2 	 0.581409 
112.131 	 0.3 	 4.29136 
112.131 	 0.4 	 11.7815 
112.131 	 0.5 	 23.0456 
112.131 	 0.6 	 37.5126 
112.131 	 0.7 	 54.8337 
112.131 	 0.8 	 74.7488 
112.131 	 0.9 	 96.9084 
112.131 	 1 	 120.894 
112.131 	 1.1 	 146.287 
112.131 	 1.2 	 172.653 
112.131 	 1.3 	 199.711 
112.131 	 1.4 	 227.139 
112.131 	 1.5 	 254.646 
112.131 	 1.6 	 281.977 
112.131 	 1.7 	 308.917 
112.131 	 1.8 	 335.289 
112.131 	 1.9 	 360.952 
112.131 	 2 	 385.803 
112.131 	 2.1 	 409.537 
112.131 	 2.2 	 432.175 
112.131 	 2.3 	 455.048 
112.131 	 2.4 	 475.616 
112.131 	 2.5 	 494.826 

118.033 	 0 	 0.414432 
118.033 	 0.1 	 0.662844 
118.033 	 0.2 	 0.48979 
118.033 	 0.3 	 4.04223 
118.033 	 0.4 	 11.1751 
118.033 	 0.5 	 21.9511 
118.033 	 0.6 	 35.9668 
118.033 	 0.7 	 52.6851 
118.033 	 0.8 	 71.9651 
118.033 	 0.9 	 93.4863 
118.033 	 1 	 116.85 
118.033 	 1.1 	 141.668 
118.033 	 1.2 	 167.492 
118.033 	 1.3 	 194.065 
118.033 	 1.4 	 221.07 
118.033 	 1.5 	 248.223 
118.033 	 1.6 	 275.273 
118.033 	 1.7 	 302.006 
118.033 	 1.8 	 328.244 
118.033 	 1.9 	 353.845 
118.033 	 2 	 378.541 
118.033 	 2.1 	 402.192 
118.033 	 2.2 	 424.952 
118.033 	 2.3 	 446.801 
118.033 	 2.4 	 468.47 
118.033 	 2.5 	 487.934 

123.934 	 0 	 0.284526 
123.934 	 0.1 	 0.582929 
123.934 	 0.2 	 0.416552 
123.934 	 0.3 	 3.75255 
123.934 	 0.4 	 10.4225 
123.934 	 0.5 	 20.58 
123.934 	 0.6 	 33.9663 
123.934 	 0.7 	 49.9919 
123.934 	 0.8 	 68.4902 
123.934 	 0.9 	 89.2328 
123.934 	 1 	 111.845 
123.934 	 1.1 	 135.957 
123.934 	 1.2 	 161.157 
123.934 	 1.3 	 187.156 
123.934 	 1.4 	 213.667 
123.934 	 1.5 	 240.411 
123.934 	 1.6 	 267.139 
123.934 	 1.7 	 293.637 
123.934 	 1.8 	 319.725 
123.934 	 1.9 	 345.098 
123.934 	 2 	 369.646 
123.934 	 2.1 	 393.379 
123.934 	 2.2 	 416.258 
123.934 	 2.3 	 437.858 
123.934 	 2.4 	 459.61 
123.934 	 2.5 	 479.469 

129.836 	 0 	 0.170222 
129.836 	 0.1 	 0.551447 
129.836 	 0.2 	 0.375403 
129.836 	 0.3 	 3.4494 
129.836 	 0.4 	 9.5669 
129.836 	 0.5 	 18.9914 
129.836 	 0.6 	 31.5255 
129.836 	 0.7 	 46.8277 
129.836 	 0.8 	 64.4166 
129.836 	 0.9 	 84.247 
129.836 	 1 	 105.982 
129.836 	 1.1 	 129.273 
129.836 	 1.2 	 153.753 
129.836 	 1.3 	 179.089 
129.836 	 1.4 	 205.03 
129.836 	 1.5 	 231.302 
129.836 	 1.6 	 257.658 
129.836 	 1.7 	 283.885 
129.836 	 1.8 	 309.569 
129.836 	 1.9 	 334.758 
129.836 	 2 	 359.316 
129.836 	 2.1 	 383.118 
129.836 	 2.2 	 405.827 
129.836 	 2.3 	 427.645 
129.836 	 2.4 	 448.553 
129.836 	 2.5 	 469.116 

135.738 	 0 	 0.0797973 
135.738 	 0.1 	 0.576979 
135.738 	 0.2 	 0.382682 
135.738 	 0.3 	 3.16564 
135.738 	 0.4 	 8.66773 
135.738 	 0.5 	 17.2569 
135.738 	 0.6 	 28.8258 
135.738 	 0.7 	 43.1501 
135.738 	 0.8 	 59.8551 
135.738 	 0.9 	 78.6471 
135.738 	 1 	 99.3831 
135.738 	 1.1 	 121.74 
135.738 	 1.2 	 145.397 
135.738 	 1.3 	 169.982 
135.738 	 1.4 	 195.274 
135.738 	 1.5 	 221.006 
135.738 	 1.6 	 246.826 
135.738 	 1.7 	 272.524 
135.738 	 1.8 	 297.988 
135.738 	 1.9 	 323.068 
135.738 	 2 	 347.561 
135.738 	 2.1 	 371.142 
135.738 	 2.2 	 394.023 
135.738 	 2.3 	 415.894 
135.738 	 2.4 	 436.731 
135.738 	 2.5 	 457.219 

141.639 	 0 	 0.0208756 
141.639 	 0.1 	 0.667098 
141.639 	 0.2 	 0.458583 
141.639 	 0.3 	 2.85837 
141.639 	 0.4 	 7.76376 
141.639 	 0.5 	 15.4687 
141.639 	 0.6 	 25.9704 
141.639 	 0.7 	 39.1529 
141.639 	 0.8 	 54.7362 
141.639 	 0.9 	 72.5125 
141.639 	 1 	 92.1912 
141.639 	 1.1 	 113.503 
141.639 	 1.2 	 136.205 
141.639 	 1.3 	 159.974 
141.639 	 1.4 	 184.429 
141.639 	 1.5 	 209.401 
141.639 	 1.6 	 234.655 
141.639 	 1.7 	 259.979 
141.639 	 1.8 	 285.19 
141.639 	 1.9 	 310.063 
141.639 	 2 	 334.234 
141.639 	 2.1 	 357.876 
141.639 	 2.2 	 380.695 
141.639 	 2.3 	 402.64 
141.639 	 2.4 	 423.584 
141.639 	 2.5 	 443.497 

147.541 	 0 	 1.88422e-10 
147.541 	 0.1 	 0.828582 
147.541 	 0.2 	 0.62401 
147.541 	 0.3 	 2.62372 
147.541 	 0.4 	 6.94291 
147.541 	 0.5 	 13.6925 
147.541 	 0.6 	 23.0864 
147.541 	 0.7 	 35.0199 
147.541 	 0.8 	 49.3489 
147.541 	 0.9 	 65.8433 
147.541 	 1 	 84.3095 
147.541 	 1.1 	 104.486 
147.541 	 1.2 	 126.098 
147.541 	 1.3 	 148.873 
147.541 	 1.4 	 172.54 
147.541 	 1.5 	 196.817 
147.541 	 1.6 	 221.507 
147.541 	 1.7 	 246.399 
147.541 	 1.8 	 271.215 
147.541 	 1.9 	 295.639 
147.541 	 2 	 319.745 
147.541 	 2.1 	 343.287 
147.541 	 2.2 	 366.027 
147.541 	 2.3 	 387.977 
147.541 	 2.4 	 409.041 
147.541 	 2.5 	 429.01 

153.443 	 0 	 0.0216244 
153.443 	 0.1 	 0.985892 
153.443 	 0.2 	 0.900245 
153.443 	 0.3 	 2.52798 
153.443 	 0.4 	 6.26569 
153.443 	 0.5 	 12.0583 
153.443 	 0.6 	 20.271 
153.443 	 0.7 	 30.9223 
153.443 	 0.8 	 43.8961 
153.443 	 0.9 	 59.0212 
153.443 	 1 	 76.1447 
153.443 	 1.1 	 95.0496 
153.443 	 1.2 	 115.49 
153.443 	 1.3 	 137.212 
153.443 	 1.4 	 159.96 
153.443 	 1.5 	 183.486 
153.443 	 1.6 	 207.556 
153.443 	 1.7 	 231.789 
153.443 	 1.8 	 256.041 
153.443 	 1.9 	 280.238 
153.443 	 2 	 304.168 
153.443 	 2.1 	 327.444 
153.443 	 2.2 	 350.196 
153.443 	 2.3 	 372.109 
153.443 	 2.4 	 393.132 
153.443 	 2.5 	 413.257 

159.344 	 0 	 0.0885806 
159.344 	 0.1 	 1.07141 
159.344 	 0.2 	 1.3085 
159.344 	 0.3 	 2.61997 
159.344 	 0.4 	 5.67613 
159.344 	 0.5 	 10.6807 
159.344 	 0.6 	 17.6979 
159.344 	 0.7 	 26.9911 
159.344 	 0.8 	 38.5521 
159.344 	 0.9 	 52.2443 
159.344 	 1 	 67.9314 
159.344 	 1.1 	 85.4654 
159.344 	 1.2 	 104.633 
159.344 	 1.3 	 125.203 
159.344 	 1.4 	 146.936 
159.344 	 1.5 	 169.595 
159.344 	 1.6 	 192.722 
159.344 	 1.7 	 216.293 
159.344 	 1.8 	 240.123 
159.344 	 1.9 	 263.992 
159.344 	 2 	 287.475 
159.344 	 2.1 	 310.701 
159.344 	 2.2 	 333.235 
159.344 	 2.3 	 355.114 
159.344 	 2.4 	 376.197 
159.344 	 2.5 	 396.443 

165.246 	 0 	 0.2028 
165.246 	 0.1 	 1.19967 
165.246 	 0.2 	 1.86884 
165.246 	 0.3 	 2.94858 
165.246 	 0.4 	 5.40132 
165.246 	 0.5 	 9.52709 
165.246 	 0.6 	 15.5225 
165.246 	 0.7 	 23.4424 
165.246 	 0.8 	 33.5091 
165.246 	 0.9 	 45.7098 
165.246 	 1 	 59.8946 
165.246 	 1.1 	 75.9629 
165.246 	 1.2 	 93.7576 
165.246 	 1.3 	 113.075 
165.246 	 1.4 	 133.606 
165.246 	 1.5 	 155.097 
165.246 	 1.6 	 177.409 
165.246 	 1.7 	 200.333 
165.246 	 1.8 	 223.646 
165.246 	 1.9 	 246.88 
165.246 	 2 	 270.144 
165.246 	 2.1 	 293.015 
165.246 	 2.2 	 315.48 
165.246 	 2.3 	 337.314 
165.246 	 2.4 	 358.379 
165.246 	 2.5 	 378.708 

171.148 	 0 	 0.364588 
171.148 	 0.1 	 1.37443 
171.148 	 0.2 	 2.59892 
171.148 	 0.3 	 3.56066 
171.148 	 0.4 	 5.52678 
171.148 	 0.5 	 8.8154 
171.148 	 0.6 	 13.7012 
171.148 	 0.7 	 20.3961 
171.148 	 0.8 	 29.0229 
171.148 	 0.9 	 39.6243 
171.148 	 1 	 52.2631 
171.148 	 1.1 	 66.789 
171.148 	 1.2 	 83.0461 
171.148 	 1.3 	 100.872 
171.148 	 1.4 	 120.104 
171.148 	 1.5 	 140.533 
171.148 	 1.6 	 161.949 
171.148 	 1.7 	 184.132 
171.148 	 1.8 	 206.58 
171.148 	 1.9 	 229.39 
171.148 	 2 	 252.162 
171.148 	 2.1 	 274.835 
171.148 	 2.2 	 297.076 
171.148 	 2.3 	 318.793 
171.148 	 2.4 	 339.903 
171.148 	 2.5 	 360.381 

177.049 	 0 	 0.572624 
177.049 	 0.1 	 1.59798 
177.049 	 0.2 	 3.33114 
177.049 	 0.3 	 4.49838 
177.049 	 0.4 	 6.13489 
177.049 	 0.5 	 8.72769 
177.049 	 0.6 	 12.5791 
177.049 	 0.7 	 17.9594 
177.049 	 0.8 	 25.0821 
177.049 	 0.9 	 34.0875 
177.049 	 1 	 45.0361 
177.049 	 1.1 	 57.9136 
177.049 	 1.2 	 72.5881 
177.049 	 1.3 	 88.9886 
177.049 	 1.4 	 106.901 
177.049 	 1.5 	 126.169 
177.049 	 1.6 	 146.556 
177.049 	 1.7 	 167.644 
177.049 	 1.8 	 189.449 
177.049 	 1.9 	 211.643 
177.049 	 2 	 234.001 
177.049 	 2.1 	 256.246 
177.049 	 2.2 	 278.321 
177.049 	 2.3 	 299.993 
177.049 	 2.4 	 321.086 
177.049 	 2.5 	 341.648 

182.951 	 0 	 0.824022 
182.951 	 0.1 	 1.87072 
182.951 	 0.2 	 3.54762 
182.951 	 0.3 	 5.7961 
182.951 	 0.4 	 7.30042 
182.951 	 0.5 	 9.38753 
182.951 	 0.6 	 12.3577 
182.951 	 0.7 	 16.5223 
182.951 	 0.8 	 22.1669 
182.951 	 0.9 	 29.519 
182.951 	 1 	 38.7283 
182.951 	 1.1 	 49.8596 
182.951 	 1.2 	 62.8768 
182.951 	 1.3 	 77.7072 
182.951 	 1.4 	 94.2188 
182.951 	 1.5 	 112.183 
182.951 	 1.6 	 131.265 
182.951 	 1.7 	 151.444 
182.951 	 1.8 	 172.498 
182.951 	 1.9 	 193.96 
182.951 	 2 	 215.778 
182.951 	 2.1 	 237.715 
182.951 	 2.2 	 259.495 
182.951 	 2.3 	 280.998 
182.951 	 2.4 	 302.106 
182.951 	 2.5 	 322.765 

188.852 	 0 	 1.11443 
188.852 	 0.1 	 2.19089 
188.852 	 0.2 	 3.90431 
188.852 	 0.3 	 6.21258 
188.852 	 0.4 	 9.03525 
188.852 	 0.5 	 10.9071 
188.852 	 0.6 	 13.2028 
188.852 	 0.7 	 16.2977 
188.852 	 0.8 	 20.5389 
188.852 	 0.9 	 26.2458 
188.852 	 1 	 33.6689 
188.852 	 1.1 	 42.9693 
188.852 	 1.2 	 54.2102 
188.852 	 1.3 	 67.3573 
188.852 	 1.4 	 82.3148 
188.852 	 1.5 	 98.7205 
188.852 	 1.6 	 116.603 
188.852 	 1.7 	 135.776 
188.852 	 1.8 	 155.845 
188.852 	 1.9 	 176.642 
188.852 	 2 	 197.834 
188.852 	 2.1 	 219.324 
188.852 	 2.2 	 240.882 
188.852 	 2.3 	 262.237 
188.852 	 2.4 	 283.318 
188.852 	 2.5 	 303.967 

194.754 	 0 	 1.43816 
194.754 	 0.1 	 2.55429 
194.754 	 0.2 	 4.40061 
194.754 	 0.3 	 6.83757 
194.754 	 0.4 	 9.76236 
194.754 	 0.5 	 13.0925 
194.754 	 0.6 	 15.233 
194.754 	 0.7 	 17.4859 
194.754 	 0.8 	 20.4364 
194.754 	 0.9 	 24.5265 
194.754 	 1 	 30.1236 
194.754 	 1.1 	 37.5046 
194.754 	 1.2 	 46.8379 
194.754 	 1.3 	 58.1781 
194.754 	 1.4 	 71.3236 
194.754 	 1.5 	 86.2262 
194.754 	 1.6 	 102.797 
194.754 	 1.7 	 120.801 
194.754 	 1.8 	 139.829 
194.754 	 1.9 	 159.831 
194.754 	 2 	 180.472 
194.754 	 2.1 	 201.458 
194.754 	 2.2 	 222.678 
194.754 	 2.3 	 243.824 
194.754 	 2.4 	 264.841 
194.754 	 2.5 	 285.49 

200.656 	 0 	 1.78838 
200.656 	 0.1 	 2.95409 
200.656 	 0.2 	 5.02764 
200.656 	 0.3 	 7.77637 
200.656 	 0.4 	 10.9895 
200.656 	 0.5 	 14.4886 
200.656 	 0.6 	 18.0956 
200.656 	 0.7 	 20.1544 
200.656 	 0.8 	 22.0692 
200.656 	 0.9 	 24.5911 
200.656 	 1 	 28.3245 
200.656 	 1.1 	 33.6897 
200.656 	 1.2 	 40.9829 
200.656 	 1.3 	 50.3363 
200.656 	 1.4 	 61.6186 
200.656 	 1.5 	 74.888 
200.656 	 1.6 	 90.0289 
200.656 	 1.7 	 106.663 
200.656 	 1.8 	 124.693 
200.656 	 1.9 	 143.83 
200.656 	 2 	 163.768 
200.656 	 2.1 	 184.291 
200.656 	 2.2 	 205.116 
200.656 	 2.3 	 226.004 
200.656 	 2.4 	 246.828 
200.656 	 2.5 	 267.445 

206.557 	 0 	 2.15727 
206.557 	 0.1 	 3.38084 
206.557 	 0.2 	 5.76755 
206.557 	 0.3 	 8.92257 
206.557 	 0.4 	 12.6273 
206.557 	 0.5 	 16.6597 
206.557 	 0.6 	 20.6764 
206.557 	 0.7 	 24.3351 
206.557 	 0.8 	 25.4954 
206.557 	 0.9 	 26.6091 
206.557 	 1 	 28.439 
206.557 	 1.1 	 31.6786 
206.557 	 1.2 	 36.7886 
206.557 	 1.3 	 43.9765 
206.557 	 1.4 	 53.2982 
206.557 	 1.5 	 64.8077 
206.557 	 1.6 	 78.4021 
206.557 	 1.7 	 93.6233 
206.557 	 1.8 	 110.568 
206.557 	 1.9 	 128.764 
206.557 	 2 	 147.989 
206.557 	 2.1 	 167.947 
206.557 	 2.2 	 188.295 
206.557 	 2.3 	 208.846 
206.557 	 2.4 	 229.491 
206.557 	 2.5 	 250.102 

212.459 	 0 	 2.53627 
212.459 	 0.1 	 3.82256 
212.459 	 0.2 	 6.55671 
212.459 	 0.3 	 10.193 
212.459 	 0.4 	 14.6431 
212.459 	 0.5 	 19.4838 
212.459 	 0.6 	 24.2254 
212.459 	 0.7 	 28.4964 
212.459 	 0.8 	 30.8422 
212.459 	 0.9 	 30.6401 
212.459 	 1 	 30.5207 
212.459 	 1.1 	 31.5113 
212.459 	 1.2 	 34.2571 
212.459 	 1.3 	 39.1523 
212.459 	 1.4 	 46.3461 
212.459 	 1.5 	 55.9552 
212.459 	 1.6 	 67.9 
212.459 	 1.7 	 81.7328 
212.459 	 1.8 	 97.5151 
212.459 	 1.9 	 114.728 
212.459 	 2 	 133.222 
212.459 	 2.1 	 152.519 
212.459 	 2.2 	 172.254 
212.459 	 2.3 	 192.394 
212.459 	 2.4 	 212.885 
212.459 	 2.5 	 233.598 

218.361 	 0 	 2.91629 
218.361 	 0.1 	 4.2651 
218.361 	 0.2 	 7.30351 
218.361 	 0.3 	 11.6329 
218.361 	 0.4 	 17.0331 
218.361 	 0.5 	 22.9693 
218.361 	 0.6 	 28.8199 
218.361 	 0.7 	 33.8909 
218.361 	 0.8 	 37.6538 
218.361 	 0.9 	 36.5608 
218.361 	 1 	 34.4008 
218.361 	 1.1 	 32.954 
218.361 	 1.2 	 33.1922 
218.361 	 1.3 	 35.7385 
218.361 	 1.4 	 40.7262 
218.361 	 1.5 	 48.3212 
218.361 	 1.6 	 58.5216 
218.361 	 1.7 	 70.9587 
218.361 	 1.8 	 85.5181 
218.361 	 1.9 	 101.749 
218.361 	 2 	 119.453 
218.361 	 2.1 	 137.84 
218.361 	 2.2 	 156.928 
218.361 	 2.3 	 176.813 
218.361 	 2.4 	 197.26 
218.361 	 2.5 	 217.977 

224.262 	 0 	 3.28798 
224.262 	 0.1 	 4.69269 
224.262 	 0.2 	 8.06117 
224.262 	 0.3 	 13.1557 
224.262 	 0.4 	 19.6438 
224.262 	 0.5 	 26.896 
224.262 	 0.6 	 34.1231 
224.262 	 0.7 	 40.4123 
224.262 	 0.8 	 44.9125 
224.262 	 0.9 	 43.9224 
224.262 	 1 	 39.6539 
224.262 	 1.1 	 35.7046 
224.262 	 1.2 	 33.319 
224.262 	 1.3 	 33.3358 
224.262 	 1.4 	 36.1964 
224.262 	 1.5 	 41.7138 
224.262 	 1.6 	 50.1308 
224.262 	 1.7 	 61.166 
224.262 	 1.8 	 74.5124 
224.262 	 1.9 	 89.7851 
224.262 	 2 	 106.457 
224.262 	 2.1 	 123.867 
224.262 	 2.2 	 142.567 
224.262 	 2.3 	 162.133 
224.262 	 2.4 	 182.533 
224.262 	 2.5 	 203.388 

230.164 	 0 	 3.64198 
230.164 	 0.1 	 5.08867 
230.164 	 0.2 	 8.78551 
230.164 	 0.3 	 14.661 
230.164 	 0.4 	 22.2853 
230.164 	 0.5 	 30.7819 
230.164 	 0.6 	 39.4834 
230.164 	 0.7 	 47.3734 
230.164 	 0.8 	 52.7259 
230.164 	 0.9 	 51.9252 
230.164 	 1 	 45.586 
230.164 	 1.1 	 39.1094 
230.164 	 1.2 	 34.088 
230.164 	 1.3 	 31.5859 
230.164 	 1.4 	 32.1724 
230.164 	 1.5 	 35.8129 
230.164 	 1.6 	 42.5232 
230.164 	 1.7 	 52.1241 
230.164 	 1.8 	 64.3308 
230.164 	 1.9 	 78.7589 
230.164 	 2 	 94.0033 
230.164 	 2.1 	 110.772 
230.164 	 2.2 	 128.966 
230.164 	 2.3 	 148.454 
230.164 	 2.4 	 168.761 
230.164 	 2.5 	 189.873 

236.066 	 0 	 3.96919 
236.066 	 0.1 	 5.43644 
236.066 	 0.2 	 9.43158 
236.066 	 0.3 	 16.0436 
236.066 	 0.4 	 24.6148 
236.066 	 0.5 	 34.2634 
236.066 	 0.6 	 44.3472 
236.066 	 0.7 	 53.5252 
236.066 	 0.8 	 60.1151 
236.066 	 0.9 	 59.4851 
236.066 	 1 	 51.1522 
236.066 	 1.1 	 42.1857 
236.066 	 1.2 	 34.6448 
236.066 	 1.3 	 29.7939 
236.066 	 1.4 	 28.2746 
236.066 	 1.5 	 30.2296 
236.066 	 1.6 	 35.342 
236.066 	 1.7 	 43.7697 
236.066 	 1.8 	 54.9193 
236.066 	 1.9 	 67.9362 
236.066 	 2 	 82.1435 
236.066 	 2.1 	 98.4833 
236.066 	 2.2 	 116.336 
236.066 	 2.3 	 135.717 
236.066 	 2.4 	 156.077 
236.066 	 2.5 	 177.5 

241.967 	 0 	 4.26105 
241.967 	 0.1 	 5.71599 
241.967 	 0.2 	 9.9575 
241.967 	 0.3 	 17.2043 
241.967 	 0.4 	 26.4941 
241.967 	 0.5 	 37.189 
241.967 	 0.6 	 48.3334 
241.967 	 0.7 	 58.3395 
241.967 	 0.8 	 65.3862 
241.967 	 0.9 	 65.2905 
241.967 	 1 	 54.8925 
241.967 	 1.1 	 43.8815 
241.967 	 1.2 	 34.4812 
241.967 	 1.3 	 27.6852 
241.967 	 1.4 	 24.3363 
241.967 	 1.5 	 24.777 
241.967 	 1.6 	 28.6038 
241.967 	 1.7 	 35.9715 
241.967 	 1.8 	 46.2772 
241.967 	 1.9 	 57.5201 
241.967 	 2 	 71.1082 
241.967 	 2.1 	 86.9002 
241.967 	 2.2 	 104.69 
241.967 	 2.3 	 124.015 
241.967 	 2.4 	 144.592 
241.967 	 2.5 	 166.38 

247.869 	 0 	 4.5098 
247.869 	 0.1 	 5.87693 
247.869 	 0.2 	 10.3283 
247.869 	 0.3 	 18.0623 
247.869 	 0.4 	 27.8381 
247.869 	 0.5 	 39.2144 
247.869 	 0.6 	 50.9184 
247.869 	 0.7 	 61.1682 
247.869 	 0.8 	 67.9684 
247.869 	 0.9 	 68.4406 
247.869 	 1 	 56.5834 
247.869 	 1.1 	 44.0458 
247.869 	 1.2 	 33.0995 
247.869 	 1.3 	 24.9883 
247.869 	 1.4 	 20.2754 
247.869 	 1.5 	 19.4862 
247.869 	 1.6 	 22.3394 
247.869 	 1.7 	 28.8005 
247.869 	 1.8 	 37.4375 
247.869 	 1.9 	 47.7613 
247.869 	 2 	 61.009 
247.869 	 2.1 	 76.453 
247.869 	 2.2 	 94.2338 
247.869 	 2.3 	 113.537 
247.869 	 2.4 	 134.447 
247.869 	 2.5 	 156.67 

253.77 	 0 	 4.70878 
253.77 	 0.1 	 5.95799 
253.77 	 0.2 	 10.5082 
253.77 	 0.3 	 18.5033 
253.77 	 0.4 	 28.5832 
253.77 	 0.5 	 40.3346 
253.77 	 0.6 	 52.1905 
253.77 	 0.7 	 62.1142 
253.77 	 0.8 	 68.0091 
253.77 	 0.9 	 68.5252 
253.77 	 1 	 56.4196 
253.77 	 1.1 	 42.9791 
253.77 	 1.2 	 31.0274 
253.77 	 1.3 	 21.9692 
253.77 	 1.4 	 16.2283 
253.77 	 1.5 	 14.5463 
253.77 	 1.6 	 16.6593 
253.77 	 1.7 	 22.5 
253.77 	 1.8 	 29.1604 
253.77 	 1.9 	 39.093 
253.77 	 2 	 51.9468 
253.77 	 2.1 	 67.4246 
253.77 	 2.2 	 85.1855 
253.77 	 2.3 	 104.64 
253.77 	 2.4 	 125.872 
253.77 	 2.5 	 148.529 

259.672 	 0 	 4.85262 
259.672 	 0.1 	 5.93409 
259.672 	 0.2 	 10.4532 
259.672 	 0.3 	 18.5209 
259.672 	 0.4 	 28.766 
259.672 	 0.5 	 40.627 
259.672 	 0.6 	 52.3318 
259.672 	 0.7 	 61.6665 
259.672 	 0.8 	 66.7437 
259.672 	 0.9 	 66.1829 
259.672 	 1 	 55.4363 
259.672 	 1.1 	 41.4908 
259.672 	 1.2 	 28.9403 
259.672 	 1.3 	 19.2168 
259.672 	 1.4 	 12.7586 
259.672 	 1.5 	 10.3674 
259.672 	 1.6 	 11.9212 
259.672 	 1.7 	 15.9607 
259.672 	 1.8 	 22.187 
259.672 	 1.9 	 31.9758 
259.672 	 2 	 44.5533 
259.672 	 2.1 	 60.0307 
259.672 	 2.2 	 77.942 
259.672 	 2.3 	 97.6193 
259.672 	 2.4 	 119.173 
259.672 	 2.5 	 142.247 

265.574 	 0 	 4.91578 
265.574 	 0.1 	 5.80255 
265.574 	 0.2 	 10.2111 
265.574 	 0.3 	 18.2174 
265.574 	 0.4 	 28.4415 
265.574 	 0.5 	 40.2625 
265.574 	 0.6 	 51.7146 
265.574 	 0.7 	 60.7332 
265.574 	 0.8 	 65.2845 
265.574 	 0.9 	 64.3234 
265.574 	 1 	 54.5496 
265.574 	 1.1 	 40.3711 
265.574 	 1.2 	 27.414 
265.574 	 1.3 	 17.232 
265.574 	 1.4 	 10.3043 
265.574 	 1.5 	 7.35374 
265.574 	 1.6 	 8.48423 
265.574 	 1.7 	 11.149 
265.574 	 1.8 	 17.0552 
265.574 	 1.9 	 26.6751 
265.574 	 2 	 39.2222 
265.574 	 2.1 	 54.7066 
265.574 	 2.2 	 72.7695 
265.574 	 2.3 	 92.7551 
265.574 	 2.4 	 114.604 
265.574 	 2.5 	 138.056 

271.475 	 0 	 4.90754 
271.475 	 0.1 	 5.59024 
271.475 	 0.2 	 9.79645 
271.475 	 0.3 	 17.6285 
271.475 	 0.4 	 27.6997 
271.475 	 0.5 	 39.3966 
271.475 	 0.6 	 50.8091 
271.475 	 0.7 	 59.9334 
271.475 	 0.8 	 64.6305 
271.475 	 0.9 	 63.9197 
271.475 	 1 	 54.5571 
271.475 	 1.1 	 40.293 
271.475 	 1.2 	 27.0176 
271.475 	 1.3 	 16.3887 
271.475 	 1.4 	 9.13988 
271.475 	 1.5 	 5.7301 
271.475 	 1.6 	 6.46069 
271.475 	 1.7 	 8.36946 
271.475 	 1.8 	 14.1049 
271.475 	 1.9 	 23.5432 
271.475 	 2 	 36.1406 
271.475 	 2.1 	 51.7104 
271.475 	 2.2 	 70.0094 
271.475 	 2.3 	 90.1966 
271.475 	 2.4 	 112.378 
271.475 	 2.5 	 136.153 

277.377 	 0 	 4.83873 
277.377 	 0.1 	 5.30521 
277.377 	 0.2 	 9.2337 
277.377 	 0.3 	 16.7708 
277.377 	 0.4 	 26.6308 
277.377 	 0.5 	 38.1941 
277.377 	 0.6 	 49.8034 
277.377 	 0.7 	 59.4751 
277.377 	 0.8 	 64.9878 
277.377 	 0.9 	 65.1686 
277.377 	 1 	 55.593 
277.377 	 1.1 	 41.3105 
277.377 	 1.2 	 27.7712 
277.377 	 1.3 	 16.7639 
277.377 	 1.4 	 9.2703 
277.377 	 1.5 	 5.51305 
277.377 	 1.6 	 6.06378 
277.377 	 1.7 	 7.81477 
277.377 	 1.8 	 13.381 
277.377 	 1.9 	 22.7222 
277.377 	 2 	 35.4724 
277.377 	 2.1 	 51.1666 
277.377 	 2.2 	 69.5784 
277.377 	 2.3 	 90.1639 
277.377 	 2.4 	 112.598 
277.377 	 2.5 	 136.689 

283.279 	 0 	 4.71133 
283.279 	 0.1 	 4.9589 
283.279 	 0.2 	 8.55393 
283.279 	 0.3 	 15.6815 
283.279 	 0.4 	 25.3127 
283.279 	 0.5 	 36.7528 
283.279 	 0.6 	 48.6767 
283.279 	 0.7 	 59.1388 
283.279 	 0.8 	 65.8996 
283.279 	 0.9 	 67.113 
283.279 	 1 	 57.1618 
283.279 	 1.1 	 42.9657 
283.279 	 1.2 	 29.2721 
283.279 	 1.3 	 18.0325 
283.279 	 1.4 	 10.4022 
283.279 	 1.5 	 6.50469 
283.279 	 1.6 	 7.05596 
283.279 	 1.7 	 9.07238 
283.279 	 1.8 	 14.7513 
283.279 	 1.9 	 24.1459 
283.279 	 2 	 37.1154 
283.279 	 2.1 	 53.0157 
283.279 	 2.2 	 71.6485 
283.279 	 2.3 	 92.7048 
283.279 	 2.4 	 115.363 
283.279 	 2.5 	 139.718 

289.18 	 0 	 4.52908 
289.18 	 0.1 	 4.56531 
289.18 	 0.2 	 7.79188 
289.18 	 0.3 	 14.4468 
289.18 	 0.4 	 23.7999 
289.18 	 0.5 	 35.0654 
289.18 	 0.6 	 47.2313 
289.18 	 0.7 	 58.4309 
289.18 	 0.8 	 66.4547 
289.18 	 0.9 	 68.5943 
289.18 	 1 	 58.2707 
289.18 	 1.1 	 44.3782 
289.18 	 1.2 	 30.793 
289.18 	 1.3 	 19.5766 
289.18 	 1.4 	 12.0132 
289.18 	 1.5 	 8.36157 
289.18 	 1.6 	 9.0949 
289.18 	 1.7 	 11.8452 
289.18 	 1.8 	 17.8711 
289.18 	 1.9 	 27.625 
289.18 	 2 	 40.7998 
289.18 	 2.1 	 57.2678 
289.18 	 2.2 	 76.1746 
289.18 	 2.3 	 97.4617 
289.18 	 2.4 	 120.714 
289.18 	 2.5 	 145.279 

295.082 	 0 	 4.29744 
295.082 	 0.1 	 4.14009 
295.082 	 0.2 	 6.98288 
295.082 	 0.3 	 13.1202 
295.082 	 0.4 	 22.1262 
295.082 	 0.5 	 33.0761 
295.082 	 0.6 	 45.2156 
295.082 	 0.7 	 56.7761 
295.082 	 0.8 	 65.3894 
295.082 	 0.9 	 68.2907 
295.082 	 1 	 57.9734 
295.082 	 1.1 	 44.5763 
295.082 	 1.2 	 31.4738 
295.082 	 1.3 	 20.7816 
295.082 	 1.4 	 13.766 
295.082 	 1.5 	 10.722 
295.082 	 1.6 	 12.0148 
295.082 	 1.7 	 15.7988 
295.082 	 1.8 	 22.3323 
295.082 	 1.9 	 32.8688 
295.082 	 2 	 46.5414 
295.082 	 2.1 	 63.4227 
295.082 	 2.2 	 83.0404 
295.082 	 2.3 	 104.68 
295.082 	 2.4 	 128.302 
295.082 	 2.5 	 153.395 

300.984 	 0 	 4.0234 
300.984 	 0.1 	 3.69948 
300.984 	 0.2 	 6.16047 
300.984 	 0.3 	 11.748 
300.984 	 0.4 	 20.2243 
300.984 	 0.5 	 30.7337 
300.984 	 0.6 	 42.4388 
300.984 	 0.7 	 53.7486 
300.984 	 0.8 	 61.963 
300.984 	 0.9 	 65.0604 
300.984 	 1 	 55.5066 
300.984 	 1.1 	 42.9739 
300.984 	 1.2 	 30.8704 
300.984 	 1.3 	 21.2773 
300.984 	 1.4 	 15.3587 
300.984 	 1.5 	 13.3511 
300.984 	 1.6 	 15.6415 
300.984 	 1.7 	 20.487 
300.984 	 1.8 	 28.1286 
300.984 	 1.9 	 39.468 
300.984 	 2 	 54.2109 
300.984 	 2.1 	 71.689 
300.984 	 2.2 	 91.9036 
300.984 	 2.3 	 114.3 
300.984 	 2.4 	 138.238 
300.984 	 2.5 	 163.718 

306.885 	 0 	 3.71525 
306.885 	 0.1 	 3.25942 
306.885 	 0.2 	 5.35476 
306.885 	 0.3 	 10.3701 
306.885 	 0.4 	 18.0981 
306.885 	 0.5 	 27.9321 
306.885 	 0.6 	 38.7726 
306.885 	 0.7 	 48.9248 
306.885 	 0.8 	 56.2642 
306.885 	 0.9 	 58.6489 
306.885 	 1 	 50.5818 
306.885 	 1.1 	 39.4334 
306.885 	 1.2 	 28.9389 
306.885 	 1.3 	 21.0383 
306.885 	 1.4 	 16.7555 
306.885 	 1.5 	 16.2303 
306.885 	 1.6 	 19.8805 
306.885 	 1.7 	 25.9981 
306.885 	 1.8 	 35.1601 
306.885 	 1.9 	 47.7021 
306.885 	 2 	 63.4729 
306.885 	 2.1 	 82.0435 
306.885 	 2.2 	 102.899 
306.885 	 2.3 	 125.912 
306.885 	 2.4 	 150.582 
306.885 	 2.5 	 176.316 

312.787 	 0 	 3.3823 
312.787 	 0.1 	 2.79893 
312.787 	 0.2 	 4.5914 
312.787 	 0.3 	 9.01722 
312.787 	 0.4 	 15.8991 
312.787 	 0.5 	 24.62 
312.787 	 0.6 	 34.0955 
312.787 	 0.7 	 42.7441 
312.787 	 0.8 	 48.7895 
312.787 	 0.9 	 50.1502 
312.787 	 1 	 43.8879 
312.787 	 1.1 	 34.4283 
312.787 	 1.2 	 26.002 
312.787 	 1.3 	 20.2962 
312.787 	 1.4 	 18.0326 
312.787 	 1.5 	 19.497 
312.787 	 1.6 	 24.9636 
312.787 	 1.7 	 32.6468 
312.787 	 1.8 	 43.4468 
312.787 	 1.9 	 57.6567 
312.787 	 2 	 74.5869 
312.787 	 2.1 	 94.223 
312.787 	 2.2 	 116.114 
312.787 	 2.3 	 139.698 
312.787 	 2.4 	 164.856 
312.787 	 2.5 	 191.213 

318.689 	 0 	 3.03452 
318.689 	 0.1 	 2.35482 
318.689 	 0.2 	 3.88835 
318.689 	 0.3 	 7.72459 
318.689 	 0.4 	 13.6955 
318.689 	 0.5 	 21.1499 
318.689 	 0.6 	 29.03 
318.689 	 0.7 	 35.9388 
318.689 	 0.8 	 40.2655 
318.689 	 0.9 	 40.8513 
318.689 	 1 	 36.2772 
318.689 	 1.1 	 28.979 
318.689 	 1.2 	 22.9989 
318.689 	 1.3 	 19.7866 
318.689 	 1.4 	 19.8897 
318.689 	 1.5 	 23.6665 
318.689 	 1.6 	 31.2045 
318.689 	 1.7 	 40.7886 
318.689 	 1.8 	 53.4401 
318.689 	 1.9 	 69.2127 
318.689 	 2 	 87.7188 
318.689 	 2.1 	 108.418 
318.689 	 2.2 	 131.205 
318.689 	 2.3 	 155.704 
318.689 	 2.4 	 181.301 
318.689 	 2.5 	 207.881 

324.59 	 0 	 2.68219 
324.59 	 0.1 	 1.94626 
324.59 	 0.2 	 3.2617 
324.59 	 0.3 	 6.52785 
324.59 	 0.4 	 11.5715 
324.59 	 0.5 	 17.7168 
324.59 	 0.6 	 23.9779 
324.59 	 0.7 	 29.1454 
324.59 	 0.8 	 31.8765 
324.59 	 0.9 	 31.9956 
324.59 	 1 	 28.8965 
324.59 	 1.1 	 23.9349 
324.59 	 1.2 	 20.6657 
324.59 	 1.3 	 20.1782 
324.59 	 1.4 	 22.941 
324.59 	 1.5 	 29.178 
324.59 	 1.6 	 38.8766 
324.59 	 1.7 	 50.6102 
324.59 	 1.8 	 65.3886 
324.59 	 1.9 	 82.7979 
324.59 	 2 	 102.709 
324.59 	 2.1 	 124.748 
324.59 	 2.2 	 148.369 
324.59 	 2.3 	 173.455 
324.59 	 2.4 	 199.659 
324.59 	 2.5 	 226.638 

330.492 	 0 	 2.33546 
330.492 	 0.1 	 1.58037 
330.492 	 0.2 	 2.72501 
330.492 	 0.3 	 5.46207 
330.492 	 0.4 	 9.62071 
330.492 	 0.5 	 14.5354 
330.492 	 0.6 	 19.2579 
330.492 	 0.7 	 22.7607 
330.492 	 0.8 	 24.6702 
330.492 	 0.9 	 24.631 
330.492 	 1 	 22.84 
330.492 	 1.1 	 20.3524 
330.492 	 1.2 	 19.879 
330.492 	 1.3 	 22.2081 
330.492 	 1.4 	 27.659 
330.492 	 1.5 	 36.3919 
330.492 	 1.6 	 48.373 
330.492 	 1.7 	 62.5262 
330.492 	 1.8 	 79.2378 
330.492 	 1.9 	 98.4579 
330.492 	 2 	 119.726 
330.492 	 2.1 	 142.823 
330.492 	 2.2 	 167.444 
330.492 	 2.3 	 193.189 
330.492 	 2.4 	 219.692 
330.492 	 2.5 	 246.767 

336.393 	 0 	 2.00401 
336.393 	 0.1 	 1.26316 
336.393 	 0.2 	 2.17616 
336.393 	 0.3 	 4.51481 
336.393 	 0.4 	 7.86734 
336.393 	 0.5 	 11.6005 
336.393 	 0.6 	 15.0297 
336.393 	 0.7 	 17.6366 
336.393 	 0.8 	 19.112 
336.393 	 0.9 	 19.5457 
336.393 	 1 	 18.806 
336.393 	 1.1 	 18.802 
336.393 	 1.2 	 21.118 
336.393 	 1.3 	 26.2013 
336.393 	 1.4 	 34.2849 
336.393 	 1.5 	 45.4465 
336.393 	 1.6 	 59.6068 
336.393 	 1.7 	 76.5741 
336.393 	 1.8 	 95.1684 
336.393 	 1.9 	 115.906 
336.393 	 2 	 138.54 
336.393 	 2.1 	 162.745 
336.393 	 2.2 	 188.057 
336.393 	 2.3 	 214.266 
336.393 	 2.4 	 241.089 
336.393 	 2.5 	 268.238 

342.295 	 0 	 1.69617 
342.295 	 0.1 	 0.998432 
342.295 	 0.2 	 1.72199 
342.295 	 0.3 	 3.6104 
342.295 	 0.4 	 6.26574 
342.295 	 0.5 	 9.16768 
342.295 	 0.6 	 11.8544 
342.295 	 0.7 	 14.0721 
342.295 	 0.8 	 15.5183 
342.295 	 0.9 	 16.5023 
342.295 	 1 	 17.1037 
342.295 	 1.1 	 19.6125 
342.295 	 1.2 	 24.5811 
342.295 	 1.3 	 32.2683 
342.295 	 1.4 	 42.9022 
342.295 	 1.5 	 56.4438 
342.295 	 1.6 	 72.7088 
342.295 	 1.7 	 91.5068 
342.295 	 1.8 	 112.557 
342.295 	 1.9 	 135.164 
342.295 	 2 	 158.935 
342.295 	 2.1 	 183.942 
342.295 	 2.2 	 209.917 
342.295 	 2.3 	 236.555 
342.295 	 2.4 	 263.534 
342.295 	 2.5 	 290.515 

348.197 	 0 	 1.41914 
348.197 	 0.1 	 0.787503 
348.197 	 0.2 	 1.37782 
348.197 	 0.3 	 2.92695 
348.197 	 0.4 	 5.08935 
348.197 	 0.5 	 7.49034 
348.197 	 0.6 	 9.88805 
348.197 	 0.7 	 11.9267 
348.197 	 0.8 	 13.8405 
348.197 	 0.9 	 15.0067 
348.197 	 1 	 17.7861 
348.197 	 1.1 	 22.6761 
348.197 	 1.2 	 30.0966 
348.197 	 1.3 	 40.2998 
348.197 	 1.4 	 53.3234 
348.197 	 1.5 	 69.0745 
348.197 	 1.6 	 87.3633 
348.197 	 1.7 	 107.933 
348.197 	 1.8 	 130.451 
348.197 	 1.9 	 154.6 
348.197 	 2 	 180.03 
348.197 	 2.1 	 206.242 
348.197 	 2.2 	 232.725 
348.197 	 2.3 	 259.506 
348.197 	 2.4 	 286.419 
348.197 	 2.5 	 313.173 

354.098 	 0 	 1.1791 
354.098 	 0.1 	 0.629509 
354.098 	 0.2 	 1.14585 
354.098 	 0.3 	 2.48527 
354.098 	 0.4 	 4.38724 
354.098 	 0.5 	 6.63663 
354.098 	 0.6 	 8.91058 
354.098 	 0.7 	 11.1367 
354.098 	 0.8 	 12.7044 
354.098 	 0.9 	 15.7031 
354.098 	 1 	 20.532 
354.098 	 1.1 	 27.7525 
354.098 	 1.2 	 37.6181 
354.098 	 1.3 	 50.2103 
354.098 	 1.4 	 65.4775 
354.098 	 1.5 	 83.2586 
354.098 	 1.6 	 103.296 
354.098 	 1.7 	 125.35 
354.098 	 1.8 	 149.112 
354.098 	 1.9 	 174.26 
354.098 	 2 	 200.467 
354.098 	 2.1 	 227.415 
354.098 	 2.2 	 254.798 
354.098 	 2.3 	 282.319 
354.098 	 2.4 	 309.347 
354.098 	 2.5 	 335.758 

360 	 0 	 0.980474 
360 	 0.1 	 0.521741 
360 	 0.2 	 1.02578 
360 	 0.3 	 2.29755 
360 	 0.4 	 4.18302 
360 	 0.5 	 6.39804 
360 	 0.6 	 8.59665 
360 	 0.7 	 10.3433 
360 	 0.8 	 13.4233 
360 	 0.9 	 18.1346 
360 	 1 	 25.1378 
360 	 1.1 	 34.6826 
360 	 1.2 	 46.8833 
360 	 1.3 	 61.6995 
360 	 1.4 	 79.0071 
360 	 1.5 	 98.5779 
360 	 1.6 	 120.199 
360 	 1.7 	 143.596 
360 	 1.8 	 168.447 
360 	 1.9 	 194.428 
360 	 2 	 221.213 
360 	 2.1 	 248.483 
360 	 2.2 	 275.924 
360 	 2.3 	 303.301 
360 	 2.4 	 330.338 
360 	 2.5 	 356.809 

