0 	 0 	 0.980474 
0 	 0.1 	 0.691594 
0 	 0.2 	 0.466129 
0 	 0.3 	 1.44248 
0 	 0.4 	 4.74686 
0 	 0.5 	 10.9478 
0 	 0.6 	 20.1357 
0 	 0.7 	 31.9603 
0 	 0.8 	 46.6857 
0 	 0.9 	 64.1526 
0 	 1 	 84.0811 
0 	 1.1 	 105.901 
0 	 1.2 	 129.483 
0 	 1.3 	 154.595 
0 	 1.4 	 180.882 
0 	 1.5 	 207.996 
0 	 1.6 	 235.577 
0 	 1.7 	 263.353 
0 	 1.8 	 291.052 
0 	 1.9 	 318.416 
0 	 2 	 345.19 
0 	 2.1 	 371.225 
0 	 2.2 	 396.386 
0 	 2.3 	 420.5 
0 	 2.4 	 443.512 
0 	 2.5 	 465.846 

5.90164 	 0 	 0.825781 
5.90164 	 0.1 	 0.708774 
5.90164 	 0.2 	 0.431894 
5.90164 	 0.3 	 1.83248 
5.90164 	 0.4 	 5.8385 
5.90164 	 0.5 	 12.9799 
5.90164 	 0.6 	 23.2083 
5.90164 	 0.7 	 36.2005 
5.90164 	 0.8 	 52.1626 
5.90164 	 0.9 	 70.8365 
5.90164 	 1 	 91.8132 
5.90164 	 1.1 	 114.538 
5.90164 	 1.2 	 139.013 
5.90164 	 1.3 	 164.872 
5.90164 	 1.4 	 191.749 
5.90164 	 1.5 	 219.256 
5.90164 	 1.6 	 247.109 
5.90164 	 1.7 	 275.018 
5.90164 	 1.8 	 302.713 
5.90164 	 1.9 	 329.958 
5.90164 	 2 	 356.5 
5.90164 	 2.1 	 382.208 
5.90164 	 2.2 	 406.975 
5.90164 	 2.3 	 430.627 
5.90164 	 2.4 	 453.411 
5.90164 	 2.5 	 475.293 

11.8033 	 0 	 0.715524 
11.8033 	 0.1 	 0.734924 
11.8033 	 0.2 	 0.433142 
11.8033 	 0.3 	 2.219 
11.8033 	 0.4 	 6.91915 
11.8033 	 0.5 	 14.9291 
11.8033 	 0.6 	 26.074 
11.8033 	 0.7 	 40.1461 
11.8033 	 0.8 	 57.1948 
11.8033 	 0.9 	 76.8926 
11.8033 	 1 	 98.6931 
11.8033 	 1.1 	 122.279 
11.8033 	 1.2 	 147.492 
11.8033 	 1.3 	 173.952 
11.8033 	 1.4 	 201.254 
11.8033 	 1.5 	 229.074 
11.8033 	 1.6 	 257.115 
11.8033 	 1.7 	 285.086 
11.8033 	 1.8 	 312.726 
11.8033 	 1.9 	 339.817 
11.8033 	 2 	 366.127 
11.8033 	 2.1 	 391.522 
11.8033 	 2.2 	 415.926 
11.8033 	 2.3 	 439.169 
11.8033 	 2.4 	 462.101 
11.8033 	 2.5 	 483.507 

17.7049 	 0 	 0.648201 
17.7049 	 0.1 	 0.765414 
17.7049 	 0.2 	 0.455672 
17.7049 	 0.3 	 2.60221 
17.7049 	 0.4 	 7.91998 
17.7049 	 0.5 	 16.7171 
17.7049 	 0.6 	 28.6764 
17.7049 	 0.7 	 43.6829 
17.7049 	 0.8 	 61.6572 
17.7049 	 0.9 	 82.1871 
17.7049 	 1 	 104.71 
17.7049 	 1.1 	 128.997 
17.7049 	 1.2 	 154.798 
17.7049 	 1.3 	 181.708 
17.7049 	 1.4 	 209.329 
17.7049 	 1.5 	 237.374 
17.7049 	 1.6 	 265.527 
17.7049 	 1.7 	 293.503 
17.7049 	 1.8 	 321.056 
17.7049 	 1.9 	 347.98 
17.7049 	 2 	 374.066 
17.7049 	 2.1 	 399.175 
17.7049 	 2.2 	 423.26 
17.7049 	 2.3 	 446.157 
17.7049 	 2.4 	 469.031 
17.7049 	 2.5 	 489.601 

23.6066 	 0 	 0.620407 
23.6066 	 0.1 	 0.795904 
23.6066 	 0.2 	 0.486903 
23.6066 	 0.3 	 2.95371 
23.6066 	 0.4 	 8.79748 
23.6066 	 0.5 	 18.2767 
23.6066 	 0.6 	 30.933 
23.6066 	 0.7 	 46.7161 
23.6066 	 0.8 	 65.4479 
23.6066 	 0.9 	 86.6446 
23.6066 	 1 	 109.76 
23.6066 	 1.1 	 134.593 
23.6066 	 1.2 	 160.84 
23.6066 	 1.3 	 188.054 
23.6066 	 1.4 	 215.915 
23.6066 	 1.5 	 244.101 
23.6066 	 1.6 	 272.301 
23.6066 	 1.7 	 300.241 
23.6066 	 1.8 	 327.687 
23.6066 	 1.9 	 354.445 
23.6066 	 2 	 380.328 
23.6066 	 2.1 	 405.189 
23.6066 	 2.2 	 429.006 
23.6066 	 2.3 	 452.142 
23.6066 	 2.4 	 474.267 
23.6066 	 2.5 	 494.296 

29.5082 	 0 	 0.627079 
29.5082 	 0.1 	 0.82249 
29.5082 	 0.2 	 0.516232 
29.5082 	 0.3 	 3.24969 
29.5082 	 0.4 	 9.52227 
29.5082 	 0.5 	 19.553 
29.5082 	 0.6 	 32.777 
29.5082 	 0.7 	 49.1708 
29.5082 	 0.8 	 68.4659 
29.5082 	 0.9 	 90.1853 
29.5082 	 1 	 113.767 
29.5082 	 1.1 	 138.996 
29.5082 	 1.2 	 165.542 
29.5082 	 1.3 	 192.963 
29.5082 	 1.4 	 220.968 
29.5082 	 1.5 	 249.22 
29.5082 	 1.6 	 277.415 
29.5082 	 1.7 	 305.29 
29.5082 	 1.8 	 332.619 
29.5082 	 1.9 	 359.221 
29.5082 	 2 	 384.932 
29.5082 	 2.1 	 409.589 
29.5082 	 2.2 	 433.195 
29.5082 	 2.3 	 456.11 
29.5082 	 2.4 	 477.819 
29.5082 	 2.5 	 497.65 

35.4098 	 0 	 0.661807 
35.4098 	 0.1 	 0.841833 
35.4098 	 0.2 	 0.535345 
35.4098 	 0.3 	 3.47145 
35.4098 	 0.4 	 10.0634 
35.4098 	 0.5 	 20.5038 
35.4098 	 0.6 	 34.1574 
35.4098 	 0.7 	 50.9905 
35.4098 	 0.8 	 70.6708 
35.4098 	 0.9 	 92.7523 
35.4098 	 1 	 116.674 
35.4098 	 1.1 	 142.155 
35.4098 	 1.2 	 168.859 
35.4098 	 1.3 	 196.4 
35.4098 	 1.4 	 224.463 
35.4098 	 1.5 	 252.716 
35.4098 	 1.6 	 280.865 
35.4098 	 1.7 	 308.653 
35.4098 	 1.8 	 335.864 
35.4098 	 1.9 	 362.326 
35.4098 	 2 	 387.901 
35.4098 	 2.1 	 412.403 
35.4098 	 2.2 	 435.719 
35.4098 	 2.3 	 459.113 
35.4098 	 2.4 	 479.972 
35.4098 	 2.5 	 499.683 

41.3115 	 0 	 0.717001 
41.3115 	 0.1 	 0.851263 
41.3115 	 0.2 	 0.538443 
41.3115 	 0.3 	 3.6058 
41.3115 	 0.4 	 10.399 
41.3115 	 0.5 	 21.0997 
41.3115 	 0.6 	 35.0394 
41.3115 	 0.7 	 52.1378 
41.3115 	 0.8 	 72.0343 
41.3115 	 0.9 	 94.3103 
41.3115 	 1 	 118.451 
41.3115 	 1.1 	 144.044 
41.3115 	 1.2 	 170.791 
41.3115 	 1.3 	 198.351 
41.3115 	 1.4 	 226.392 
41.3115 	 1.5 	 254.59 
41.3115 	 1.6 	 282.656 
41.3115 	 1.7 	 310.341 
41.3115 	 1.8 	 337.437 
41.3115 	 1.9 	 363.78 
41.3115 	 2 	 389.243 
41.3115 	 2.1 	 413.525 
41.3115 	 2.2 	 436.637 
41.3115 	 2.3 	 459.936 
41.3115 	 2.4 	 480.75 
41.3115 	 2.5 	 500.414 

47.2131 	 0 	 0.784455 
47.2131 	 0.1 	 0.848853 
47.2131 	 0.2 	 0.522405 
47.2131 	 0.3 	 3.64534 
47.2131 	 0.4 	 10.5167 
47.2131 	 0.5 	 21.3241 
47.2131 	 0.6 	 35.4038 
47.2131 	 0.7 	 52.5931 
47.2131 	 0.8 	 72.5385 
47.2131 	 0.9 	 94.8441 
47.2131 	 1 	 119.084 
47.2131 	 1.1 	 144.655 
47.2131 	 1.2 	 171.335 
47.2131 	 1.3 	 198.818 
47.2131 	 1.4 	 226.765 
47.2131 	 1.5 	 254.854 
47.2131 	 1.6 	 282.804 
47.2131 	 1.7 	 310.373 
47.2131 	 1.8 	 337.36 
47.2131 	 1.9 	 363.603 
47.2131 	 2 	 388.858 
47.2131 	 2.1 	 412.963 
47.2131 	 2.2 	 436.041 
47.2131 	 2.3 	 459.168 
47.2131 	 2.4 	 480.166 
47.2131 	 2.5 	 499.57 

53.1148 	 0 	 0.855812 
53.1148 	 0.1 	 0.833471 
53.1148 	 0.2 	 0.486882 
53.1148 	 0.3 	 3.57811 
53.1148 	 0.4 	 10.4135 
53.1148 	 0.5 	 21.1733 
53.1148 	 0.6 	 35.2468 
53.1148 	 0.7 	 52.3542 
53.1148 	 0.8 	 72.1839 
53.1148 	 0.9 	 94.3582 
53.1148 	 1 	 118.473 
53.1148 	 1.1 	 143.998 
53.1148 	 1.2 	 170.506 
53.1148 	 1.3 	 197.821 
53.1148 	 1.4 	 225.6 
53.1148 	 1.5 	 253.53 
53.1148 	 1.6 	 281.333 
53.1148 	 1.7 	 308.773 
53.1148 	 1.8 	 335.654 
53.1148 	 1.9 	 361.679 
53.1148 	 2 	 386.776 
53.1148 	 2.1 	 410.851 
53.1148 	 2.2 	 433.929 
53.1148 	 2.3 	 456.396 
53.1148 	 2.4 	 477.914 
53.1148 	 2.5 	 497.416 

59.0164 	 0 	 0.923199 
59.0164 	 0.1 	 0.804811 
59.0164 	 0.2 	 0.43432 
59.0164 	 0.3 	 3.41871 
59.0164 	 0.4 	 10.096 
59.0164 	 0.5 	 20.6566 
59.0164 	 0.6 	 34.58 
59.0164 	 0.7 	 51.4362 
59.0164 	 0.8 	 70.9896 
59.0164 	 0.9 	 92.8754 
59.0164 	 1 	 116.694 
59.0164 	 1.1 	 142.023 
59.0164 	 1.2 	 168.334 
59.0164 	 1.3 	 195.391 
59.0164 	 1.4 	 222.933 
59.0164 	 1.5 	 250.651 
59.0164 	 1.6 	 278.275 
59.0164 	 1.7 	 305.509 
59.0164 	 1.8 	 332.124 
59.0164 	 1.9 	 358.03 
59.0164 	 2 	 383.116 
59.0164 	 2.1 	 407.201 
59.0164 	 2.2 	 430.327 
59.0164 	 2.3 	 452.477 
59.0164 	 2.4 	 473.915 
59.0164 	 2.5 	 493.895 

64.918 	 0 	 0.980717 
64.918 	 0.1 	 0.763396 
64.918 	 0.2 	 0.369915 
64.918 	 0.3 	 3.17954 
64.918 	 0.4 	 9.5801 
64.918 	 0.5 	 19.7955 
64.918 	 0.6 	 33.4298 
64.918 	 0.7 	 49.871 
64.918 	 0.8 	 68.9923 
64.918 	 0.9 	 90.4368 
64.918 	 1 	 113.82 
64.918 	 1.1 	 138.733 
64.918 	 1.2 	 164.71 
64.918 	 1.3 	 191.487 
64.918 	 1.4 	 218.732 
64.918 	 1.5 	 246.146 
64.918 	 1.6 	 273.466 
64.918 	 1.7 	 300.468 
64.918 	 1.8 	 326.964 
64.918 	 1.9 	 352.804 
64.918 	 2 	 377.875 
64.918 	 2.1 	 402.028 
64.918 	 2.2 	 425.04 
64.918 	 2.3 	 446.889 
64.918 	 2.4 	 468.71 
64.918 	 2.5 	 488.919 

70.8197 	 0 	 1.02216 
70.8197 	 0.1 	 0.710562 
70.8197 	 0.2 	 0.301499 
70.8197 	 0.3 	 2.87685 
70.8197 	 0.4 	 8.89117 
70.8197 	 0.5 	 18.6241 
70.8197 	 0.6 	 31.7818 
70.8197 	 0.7 	 47.7069 
70.8197 	 0.8 	 66.2463 
70.8197 	 0.9 	 87.1015 
70.8197 	 1 	 109.912 
70.8197 	 1.1 	 134.285 
70.8197 	 1.2 	 159.769 
70.8197 	 1.3 	 186.094 
70.8197 	 1.4 	 212.946 
70.8197 	 1.5 	 240.03 
70.8197 	 1.6 	 267.086 
70.8197 	 1.7 	 293.891 
70.8197 	 1.8 	 320.257 
70.8197 	 1.9 	 346.033 
70.8197 	 2 	 371.102 
70.8197 	 2.1 	 395.089 
70.8197 	 2.2 	 418.134 
70.8197 	 2.3 	 440.182 
70.8197 	 2.4 	 461.673 
70.8197 	 2.5 	 481.775 

76.7213 	 0 	 1.04243 
76.7213 	 0.1 	 0.643232 
76.7213 	 0.2 	 0.239357 
76.7213 	 0.3 	 2.53239 
76.7213 	 0.4 	 8.06333 
76.7213 	 0.5 	 17.1888 
76.7213 	 0.6 	 29.6549 
76.7213 	 0.7 	 45.0087 
76.7213 	 0.8 	 62.8233 
76.7213 	 0.9 	 82.9466 
76.7213 	 1 	 105.05 
76.7213 	 1.1 	 128.76 
76.7213 	 1.2 	 153.653 
76.7213 	 1.3 	 179.437 
76.7213 	 1.4 	 205.819 
76.7213 	 1.5 	 232.512 
76.7213 	 1.6 	 259.259 
76.7213 	 1.7 	 285.836 
76.7213 	 1.8 	 312.055 
76.7213 	 1.9 	 337.761 
76.7213 	 2 	 362.597 
76.7213 	 2.1 	 386.58 
76.7213 	 2.2 	 409.755 
76.7213 	 2.3 	 431.902 
76.7213 	 2.4 	 452.942 
76.7213 	 2.5 	 473.511 

82.623 	 0 	 1.03822 
82.623 	 0.1 	 0.545392 
82.623 	 0.2 	 0.195967 
82.623 	 0.3 	 2.09344 
82.623 	 0.4 	 7.13928 
82.623 	 0.5 	 15.5473 
82.623 	 0.6 	 27.1936 
82.623 	 0.7 	 41.8058 
82.623 	 0.8 	 58.8127 
82.623 	 0.9 	 78.0677 
82.623 	 1 	 99.3358 
82.623 	 1.1 	 122.263 
82.623 	 1.2 	 146.464 
82.623 	 1.3 	 171.611 
82.623 	 1.4 	 197.445 
82.623 	 1.5 	 223.682 
82.623 	 1.6 	 250.067 
82.623 	 1.7 	 276.378 
82.623 	 1.8 	 302.388 
82.623 	 1.9 	 327.768 
82.623 	 2 	 352.556 
82.623 	 2.1 	 376.614 
82.623 	 2.2 	 399.844 
82.623 	 2.3 	 421.943 
82.623 	 2.4 	 443.232 
82.623 	 2.5 	 463.678 

88.5246 	 0 	 1.00836 
88.5246 	 0.1 	 0.4448 
88.5246 	 0.2 	 0.173815 
88.5246 	 0.3 	 1.65771 
88.5246 	 0.4 	 6.16972 
88.5246 	 0.5 	 13.7688 
88.5246 	 0.6 	 24.4834 
88.5246 	 0.7 	 38.0931 
88.5246 	 0.8 	 54.281 
88.5246 	 0.9 	 72.579 
88.5246 	 1 	 92.8864 
88.5246 	 1.1 	 114.913 
88.5246 	 1.2 	 138.321 
88.5246 	 1.3 	 162.736 
88.5246 	 1.4 	 187.937 
88.5246 	 1.5 	 213.645 
88.5246 	 1.6 	 239.61 
88.5246 	 1.7 	 265.461 
88.5246 	 1.8 	 291.076 
88.5246 	 1.9 	 316.339 
88.5246 	 2 	 341.117 
88.5246 	 2.1 	 365.142 
88.5246 	 2.2 	 388.28 
88.5246 	 2.3 	 410.592 
88.5246 	 2.4 	 431.835 
88.5246 	 2.5 	 452.177 

94.4262 	 0 	 0.924725 
94.4262 	 0.1 	 0.345701 
94.4262 	 0.2 	 0.196693 
94.4262 	 0.3 	 1.26428 
94.4262 	 0.4 	 5.21259 
94.4262 	 0.5 	 11.9331 
94.4262 	 0.6 	 21.6234 
94.4262 	 0.7 	 34.1223 
94.4262 	 0.8 	 49.1937 
94.4262 	 0.9 	 66.5021 
94.4262 	 1 	 85.8407 
94.4262 	 1.1 	 106.851 
94.4262 	 1.2 	 129.338 
94.4262 	 1.3 	 152.948 
94.4262 	 1.4 	 177.422 
94.4262 	 1.5 	 202.404 
94.4262 	 1.6 	 227.723 
94.4262 	 1.7 	 253.156 
94.4262 	 1.8 	 278.512 
94.4262 	 1.9 	 303.627 
94.4262 	 2 	 328.21 
94.4262 	 2.1 	 352.086 
94.4262 	 2.2 	 375.373 
94.4262 	 2.3 	 397.666 
94.4262 	 2.4 	 419.071 
94.4262 	 2.5 	 439.401 

100.328 	 0 	 0.81375 
100.328 	 0.1 	 0.252777 
100.328 	 0.2 	 0.28527 
100.328 	 0.3 	 0.952409 
100.328 	 0.4 	 4.29829 
100.328 	 0.5 	 10.1299 
100.328 	 0.6 	 18.7261 
100.328 	 0.7 	 30.0245 
100.328 	 0.8 	 43.8593 
100.328 	 0.9 	 59.9422 
100.328 	 1 	 78.0742 
100.328 	 1.1 	 98.0046 
100.328 	 1.2 	 119.451 
100.328 	 1.3 	 142.129 
100.328 	 1.4 	 165.743 
100.328 	 1.5 	 190.031 
100.328 	 1.6 	 214.785 
100.328 	 1.7 	 239.782 
100.328 	 1.8 	 264.828 
100.328 	 1.9 	 289.594 
100.328 	 2 	 313.906 
100.328 	 2.1 	 337.807 
100.328 	 2.2 	 360.949 
100.328 	 2.3 	 383.356 
100.328 	 2.4 	 404.813 
100.328 	 2.5 	 425.309 

106.23 	 0 	 0.687093 
106.23 	 0.1 	 0.171002 
106.23 	 0.2 	 0.456836 
106.23 	 0.3 	 0.763637 
106.23 	 0.4 	 3.40977 
106.23 	 0.5 	 8.4578 
106.23 	 0.6 	 15.916 
106.23 	 0.7 	 25.9461 
106.23 	 0.8 	 38.445 
106.23 	 0.9 	 53.2208 
106.23 	 1 	 70.0382 
106.23 	 1.1 	 88.7196 
106.23 	 1.2 	 109.01 
106.23 	 1.3 	 130.647 
106.23 	 1.4 	 153.367 
106.23 	 1.5 	 176.9 
106.23 	 1.6 	 201.01 
106.23 	 1.7 	 225.503 
106.23 	 1.8 	 249.973 
106.23 	 1.9 	 274.346 
106.23 	 2 	 298.541 
106.23 	 2.1 	 322.251 
106.23 	 2.2 	 345.329 
106.23 	 2.3 	 367.694 
106.23 	 2.4 	 389.275 
106.23 	 2.5 	 409.83 

112.131 	 0 	 0.55141 
112.131 	 0.1 	 0.105498 
112.131 	 0.2 	 0.730395 
112.131 	 0.3 	 0.742437 
112.131 	 0.4 	 2.73199 
112.131 	 0.5 	 6.93145 
112.131 	 0.6 	 13.3292 
112.131 	 0.7 	 22.0486 
112.131 	 0.8 	 33.1451 
112.131 	 0.9 	 46.5155 
112.131 	 1 	 61.9394 
112.131 	 1.1 	 79.2693 
112.131 	 1.2 	 98.2999 
112.131 	 1.3 	 118.792 
112.131 	 1.4 	 140.499 
112.131 	 1.5 	 163.178 
112.131 	 1.6 	 186.519 
112.131 	 1.7 	 210.205 
112.131 	 1.8 	 234.175 
112.131 	 1.9 	 258.253 
112.131 	 2 	 282.156 
112.131 	 2.1 	 305.608 
112.131 	 2.2 	 328.641 
112.131 	 2.3 	 350.956 
112.131 	 2.4 	 372.479 
112.131 	 2.5 	 393.192 

118.033 	 0 	 0.414432 
118.033 	 0.1 	 0.0613551 
118.033 	 0.2 	 0.970731 
118.033 	 0.3 	 0.934515 
118.033 	 0.4 	 2.3469 
118.033 	 0.5 	 5.64446 
118.033 	 0.6 	 11.0219 
118.033 	 0.7 	 18.5087 
118.033 	 0.8 	 28.1574 
118.033 	 0.9 	 40.0256 
118.033 	 1 	 54.0023 
118.033 	 1.1 	 69.8841 
118.033 	 1.2 	 87.552 
118.033 	 1.3 	 106.795 
118.033 	 1.4 	 127.389 
118.033 	 1.5 	 148.926 
118.033 	 1.6 	 171.311 
118.033 	 1.7 	 194.336 
118.033 	 1.8 	 217.799 
118.033 	 1.9 	 241.402 
118.033 	 2 	 264.865 
118.033 	 2.1 	 288.187 
118.033 	 2.2 	 310.98 
118.033 	 2.3 	 333.24 
118.033 	 2.4 	 354.818 
118.033 	 2.5 	 375.638 

123.934 	 0 	 0.284526 
123.934 	 0.1 	 0.0434507 
123.934 	 0.2 	 0.778194 
123.934 	 0.3 	 1.38113 
123.934 	 0.4 	 2.3336 
123.934 	 0.5 	 4.82368 
123.934 	 0.6 	 9.09913 
123.934 	 0.7 	 15.3358 
123.934 	 0.8 	 23.6362 
123.934 	 0.9 	 34.0122 
123.934 	 1 	 46.4242 
123.934 	 1.1 	 60.8137 
123.934 	 1.2 	 76.9906 
123.934 	 1.3 	 94.7696 
123.934 	 1.4 	 113.993 
123.934 	 1.5 	 134.449 
123.934 	 1.6 	 155.921 
123.934 	 1.7 	 178.198 
123.934 	 1.8 	 200.973 
123.934 	 1.9 	 223.942 
123.934 	 2 	 247.104 
123.934 	 2.1 	 270.011 
123.934 	 2.2 	 292.7 
123.934 	 2.3 	 314.858 
123.934 	 2.4 	 336.388 
123.934 	 2.5 	 357.279 

129.836 	 0 	 0.170222 
129.836 	 0.1 	 0.0563511 
129.836 	 0.2 	 0.696661 
129.836 	 0.3 	 2.11917 
129.836 	 0.4 	 2.76737 
129.836 	 0.5 	 4.58936 
129.836 	 0.6 	 7.86787 
129.836 	 0.7 	 12.8352 
129.836 	 0.8 	 19.6643 
129.836 	 0.9 	 28.4614 
129.836 	 1 	 39.252 
129.836 	 1.1 	 52.0052 
129.836 	 1.2 	 66.6322 
129.836 	 1.3 	 82.979 
129.836 	 1.4 	 100.871 
129.836 	 1.5 	 120.149 
129.836 	 1.6 	 140.609 
129.836 	 1.7 	 161.937 
129.836 	 1.8 	 183.845 
129.836 	 1.9 	 206.296 
129.836 	 2 	 228.87 
129.836 	 2.1 	 251.564 
129.836 	 2.2 	 273.937 
129.836 	 2.3 	 295.993 
129.836 	 2.4 	 317.548 
129.836 	 2.5 	 338.546 

135.738 	 0 	 0.0797973 
135.738 	 0.1 	 0.104954 
135.738 	 0.2 	 0.739582 
135.738 	 0.3 	 2.1381 
135.738 	 0.4 	 3.71778 
135.738 	 0.5 	 5.05829 
135.738 	 0.6 	 7.49409 
135.738 	 0.7 	 11.2977 
135.738 	 0.8 	 16.706 
135.738 	 0.9 	 23.9031 
135.738 	 1 	 33.0074 
135.738 	 1.1 	 44.0555 
135.738 	 1.2 	 57.0181 
135.738 	 1.3 	 71.8114 
135.738 	 1.4 	 88.3037 
135.738 	 1.5 	 106.301 
135.738 	 1.6 	 125.49 
135.738 	 1.7 	 145.725 
135.738 	 1.8 	 166.874 
135.738 	 1.9 	 188.594 
135.738 	 2 	 210.677 
135.738 	 2.1 	 232.873 
135.738 	 2.2 	 255.085 
135.738 	 2.3 	 276.977 
135.738 	 2.4 	 298.472 
135.738 	 2.5 	 319.54 

141.639 	 0 	 0.0208756 
141.639 	 0.1 	 0.192296 
141.639 	 0.2 	 0.916083 
141.639 	 0.3 	 2.26245 
141.639 	 0.4 	 4.3284 
141.639 	 0.5 	 6.31403 
141.639 	 0.6 	 8.13999 
141.639 	 0.7 	 10.9359 
141.639 	 0.8 	 15.0145 
141.639 	 0.9 	 20.6375 
141.639 	 1 	 28.0128 
141.639 	 1.1 	 37.2769 
141.639 	 1.2 	 48.4773 
141.639 	 1.3 	 61.5833 
141.639 	 1.4 	 76.5111 
141.639 	 1.5 	 92.9642 
141.639 	 1.6 	 110.852 
141.639 	 1.7 	 130.04 
141.639 	 1.8 	 150.304 
141.639 	 1.9 	 171.194 
141.639 	 2 	 192.692 
141.639 	 2.1 	 214.44 
141.639 	 2.2 	 236.29 
141.639 	 2.3 	 258.058 
141.639 	 2.4 	 279.53 
141.639 	 2.5 	 300.658 

147.541 	 0 	 1.88422e-10 
147.541 	 0.1 	 0.320316 
147.541 	 0.2 	 1.23024 
147.541 	 0.3 	 2.70031 
147.541 	 0.4 	 4.74363 
147.541 	 0.5 	 7.39777 
147.541 	 0.6 	 9.82922 
147.541 	 0.7 	 11.9562 
147.541 	 0.8 	 14.8418 
147.541 	 0.9 	 18.9461 
147.541 	 1 	 24.576 
147.541 	 1.1 	 31.9733 
147.541 	 1.2 	 41.2952 
147.541 	 1.3 	 52.5902 
147.541 	 1.4 	 65.7118 
147.541 	 1.5 	 80.5726 
147.541 	 1.6 	 97.1014 
147.541 	 1.7 	 115.128 
147.541 	 1.8 	 134.284 
147.541 	 1.9 	 154.388 
147.541 	 2 	 175.148 
147.541 	 2.1 	 196.452 
147.541 	 2.2 	 217.961 
147.541 	 2.3 	 239.486 
147.541 	 2.4 	 260.863 
147.541 	 2.5 	 282.039 

153.443 	 0 	 0.0216244 
153.443 	 0.1 	 0.48974 
153.443 	 0.2 	 1.68031 
153.443 	 0.3 	 3.45763 
153.443 	 0.4 	 5.73498 
153.443 	 0.5 	 8.45773 
153.443 	 0.6 	 11.5999 
153.443 	 0.7 	 14.3218 
153.443 	 0.8 	 16.35 
153.443 	 0.9 	 19.0991 
153.443 	 1 	 22.9787 
153.443 	 1.1 	 28.434 
153.443 	 1.2 	 35.7456 
153.443 	 1.3 	 45.0316 
153.443 	 1.4 	 56.2486 
153.443 	 1.5 	 69.4245 
153.443 	 1.6 	 84.4588 
153.443 	 1.7 	 101.158 
153.443 	 1.8 	 119.119 
153.443 	 1.9 	 138.356 
153.443 	 2 	 158.382 
153.443 	 2.1 	 179.085 
153.443 	 2.2 	 200.23 
153.443 	 2.3 	 221.518 
153.443 	 2.4 	 242.78 
153.443 	 2.5 	 263.875 

159.344 	 0 	 0.0885806 
159.344 	 0.1 	 0.699815 
159.344 	 0.2 	 2.25806 
159.344 	 0.3 	 4.39852 
159.344 	 0.4 	 7.10798 
159.344 	 0.5 	 10.2761 
159.344 	 0.6 	 13.7506 
159.344 	 0.7 	 17.2203 
159.344 	 0.8 	 19.7005 
159.344 	 0.9 	 21.2249 
159.344 	 1 	 23.4551 
159.344 	 1.1 	 26.8937 
159.344 	 1.2 	 32.043 
159.344 	 1.3 	 39.1392 
159.344 	 1.4 	 48.3614 
159.344 	 1.5 	 59.694 
159.344 	 1.6 	 73.0884 
159.344 	 1.7 	 88.2495 
159.344 	 1.8 	 105.031 
159.344 	 1.9 	 123.268 
159.344 	 2 	 142.56 
159.344 	 2.1 	 162.627 
159.344 	 2.2 	 183.319 
159.344 	 2.3 	 204.302 
159.344 	 2.4 	 225.403 
159.344 	 2.5 	 246.351 

165.246 	 0 	 0.2028 
165.246 	 0.1 	 0.948159 
165.246 	 0.2 	 2.893 
165.246 	 0.3 	 5.57266 
165.246 	 0.4 	 8.9828 
165.246 	 0.5 	 12.8532 
165.246 	 0.6 	 16.9115 
165.246 	 0.7 	 20.858 
165.246 	 0.8 	 24.3952 
165.246 	 0.9 	 25.5639 
165.246 	 1 	 26.0916 
165.246 	 1.1 	 27.4486 
165.246 	 1.2 	 30.2729 
165.246 	 1.3 	 35.0436 
165.246 	 1.4 	 42.0493 
165.246 	 1.5 	 51.3901 
165.246 	 1.6 	 63.0229 
165.246 	 1.7 	 76.6199 
165.246 	 1.8 	 92.113 
165.246 	 1.9 	 109.271 
165.246 	 2 	 127.729 
165.246 	 2.1 	 147.183 
165.246 	 2.2 	 167.344 
165.246 	 2.3 	 187.903 
165.246 	 2.4 	 208.648 
165.246 	 2.5 	 229.559 

171.148 	 0 	 0.364588 
171.148 	 0.1 	 1.23068 
171.148 	 0.2 	 3.57297 
171.148 	 0.3 	 6.98549 
171.148 	 0.4 	 11.3368 
171.148 	 0.5 	 16.2441 
171.148 	 0.6 	 21.2933 
171.148 	 0.7 	 26.0332 
171.148 	 0.8 	 30.0424 
171.148 	 0.9 	 32.242 
171.148 	 1 	 31.0834 
171.148 	 1.1 	 30.1695 
171.148 	 1.2 	 30.4942 
171.148 	 1.3 	 32.792 
171.148 	 1.4 	 37.383 
171.148 	 1.5 	 44.5348 
171.148 	 1.6 	 54.2435 
171.148 	 1.7 	 66.2674 
171.148 	 1.8 	 80.3803 
171.148 	 1.9 	 96.3944 
171.148 	 2 	 114.004 
171.148 	 2.1 	 132.751 
171.148 	 2.2 	 152.237 
171.148 	 2.3 	 172.239 
171.148 	 2.4 	 192.804 
171.148 	 2.5 	 213.679 

177.049 	 0 	 0.572624 
177.049 	 0.1 	 1.54157 
177.049 	 0.2 	 4.31898 
177.049 	 0.3 	 8.57498 
177.049 	 0.4 	 14.0659 
177.049 	 0.5 	 20.3017 
177.049 	 0.6 	 26.7227 
177.049 	 0.7 	 32.681 
177.049 	 0.8 	 37.5036 
177.049 	 0.9 	 40.6281 
177.049 	 1 	 38.201 
177.049 	 1.1 	 34.7822 
177.049 	 1.2 	 32.3918 
177.049 	 1.3 	 32.0013 
177.049 	 1.4 	 34.1711 
177.049 	 1.5 	 38.9895 
177.049 	 1.6 	 46.6664 
177.049 	 1.7 	 57.0928 
177.049 	 1.8 	 69.7675 
177.049 	 1.9 	 84.626 
177.049 	 2 	 101.325 
177.049 	 2.1 	 119.234 
177.049 	 2.2 	 137.873 
177.049 	 2.3 	 157.496 
177.049 	 2.4 	 177.817 
177.049 	 2.5 	 198.749 

182.951 	 0 	 0.824022 
182.951 	 0.1 	 1.87334 
182.951 	 0.2 	 5.09823 
182.951 	 0.3 	 10.2629 
182.951 	 0.4 	 17.0286 
182.951 	 0.5 	 24.6604 
182.951 	 0.6 	 32.6161 
182.951 	 0.7 	 40.2418 
182.951 	 0.8 	 46.3745 
182.951 	 0.9 	 49.9216 
182.951 	 1 	 46.769 
182.951 	 1.1 	 40.794 
182.951 	 1.2 	 35.5295 
182.951 	 1.3 	 32.2747 
182.951 	 1.4 	 31.8342 
182.951 	 1.5 	 34.451 
182.951 	 1.6 	 40.0619 
182.951 	 1.7 	 48.781 
182.951 	 1.8 	 60.0977 
182.951 	 1.9 	 73.8731 
182.951 	 2 	 89.6847 
182.951 	 2.1 	 106.375 
182.951 	 2.2 	 124.345 
182.951 	 2.3 	 143.584 
182.951 	 2.4 	 163.869 
182.951 	 2.5 	 184.773 

188.852 	 0 	 1.11443 
188.852 	 0.1 	 2.21708 
188.852 	 0.2 	 5.87395 
188.852 	 0.3 	 11.9576 
188.852 	 0.4 	 19.9813 
188.852 	 0.5 	 28.9992 
188.852 	 0.6 	 38.6603 
188.852 	 0.7 	 47.949 
188.852 	 0.8 	 55.5998 
188.852 	 0.9 	 59.8904 
188.852 	 1 	 55.9167 
188.852 	 1.1 	 47.2425 
188.852 	 1.2 	 38.995 
188.852 	 1.3 	 32.8684 
188.852 	 1.4 	 29.8437 
188.852 	 1.5 	 30.3404 
188.852 	 1.6 	 34.0192 
188.852 	 1.7 	 41.1528 
188.852 	 1.8 	 51.1935 
188.852 	 1.9 	 64.0298 
188.852 	 2 	 78.4227 
188.852 	 2.1 	 94.1897 
188.852 	 2.2 	 111.707 
188.852 	 2.3 	 130.645 
188.852 	 2.4 	 150.868 
188.852 	 2.5 	 171.907 

194.754 	 0 	 1.43816 
194.754 	 0.1 	 2.56264 
194.754 	 0.2 	 6.60726 
194.754 	 0.3 	 13.5612 
194.754 	 0.4 	 22.6618 
194.754 	 0.5 	 33.1817 
194.754 	 0.6 	 44.475 
194.754 	 0.7 	 55.2958 
194.754 	 0.8 	 64.0717 
194.754 	 0.9 	 69.0857 
194.754 	 1 	 64.1848 
194.754 	 1.1 	 52.8781 
194.754 	 1.2 	 41.9675 
194.754 	 1.3 	 33.2293 
194.754 	 1.4 	 27.8255 
194.754 	 1.5 	 26.2349 
194.754 	 1.6 	 28.3472 
194.754 	 1.7 	 34.0064 
194.754 	 1.8 	 43.0098 
194.754 	 1.9 	 54.9311 
194.754 	 2 	 67.6338 
194.754 	 2.1 	 82.7851 
194.754 	 2.2 	 99.9089 
194.754 	 2.3 	 118.78 
194.754 	 2.4 	 138.921 
194.754 	 2.5 	 160.238 

200.656 	 0 	 1.78838 
200.656 	 0.1 	 2.89914 
200.656 	 0.2 	 7.2597 
200.656 	 0.3 	 14.9781 
200.656 	 0.4 	 25.0526 
200.656 	 0.5 	 36.9007 
200.656 	 0.6 	 49.5587 
200.656 	 0.7 	 61.5032 
200.656 	 0.8 	 70.7393 
200.656 	 0.9 	 75.428 
200.656 	 1 	 70.3112 
200.656 	 1.1 	 56.5337 
200.656 	 1.2 	 43.348 
200.656 	 1.3 	 32.7543 
200.656 	 1.4 	 25.4178 
200.656 	 1.5 	 22.1571 
200.656 	 1.6 	 22.9603 
200.656 	 1.7 	 27.3875 
200.656 	 1.8 	 35.532 
200.656 	 1.9 	 45.5892 
200.656 	 2 	 57.5813 
200.656 	 2.1 	 72.2599 
200.656 	 2.2 	 89.1221 
200.656 	 2.3 	 108.054 
200.656 	 2.4 	 128.265 
200.656 	 2.5 	 149.915 

206.557 	 0 	 2.15727 
206.557 	 0.1 	 3.21536 
206.557 	 0.2 	 7.7959 
206.557 	 0.3 	 16.1182 
206.557 	 0.4 	 26.9901 
206.557 	 0.5 	 39.9017 
206.557 	 0.6 	 53.5101 
206.557 	 0.7 	 65.7198 
206.557 	 0.8 	 75.0254 
206.557 	 0.9 	 78.733 
206.557 	 1 	 73.5524 
206.557 	 1.1 	 58.1794 
206.557 	 1.2 	 43.3698 
206.557 	 1.3 	 31.198 
206.557 	 1.4 	 22.5499 
206.557 	 1.5 	 17.9973 
206.557 	 1.6 	 17.8106 
206.557 	 1.7 	 21.3911 
206.557 	 1.8 	 28.5372 
206.557 	 1.9 	 36.84 
206.557 	 2 	 48.5344 
206.557 	 2.1 	 62.8497 
206.557 	 2.2 	 79.6683 
206.557 	 2.3 	 98.5693 
206.557 	 2.4 	 119.09 
206.557 	 2.5 	 141.138 

212.459 	 0 	 2.53627 
212.459 	 0.1 	 3.50039 
212.459 	 0.2 	 8.18623 
212.459 	 0.3 	 16.908 
212.459 	 0.4 	 28.3451 
212.459 	 0.5 	 42.0018 
212.459 	 0.6 	 56.0027 
212.459 	 0.7 	 68.3452 
212.459 	 0.8 	 76.9478 
212.459 	 0.9 	 79.6619 
212.459 	 1 	 74.7561 
212.459 	 1.1 	 58.2601 
212.459 	 1.2 	 42.3813 
212.459 	 1.3 	 29.2054 
212.459 	 1.4 	 19.6692 
212.459 	 1.5 	 14.1619 
212.459 	 1.6 	 13.1929 
212.459 	 1.7 	 16.1512 
212.459 	 1.8 	 21.3699 
212.459 	 1.9 	 29.3652 
212.459 	 2 	 40.7535 
212.459 	 2.1 	 54.9552 
212.459 	 2.2 	 71.8585 
212.459 	 2.3 	 90.8364 
212.459 	 2.4 	 111.642 
212.459 	 2.5 	 134.109 

218.361 	 0 	 2.91629 
218.361 	 0.1 	 3.74413 
218.361 	 0.2 	 8.40913 
218.361 	 0.3 	 17.298 
218.361 	 0.4 	 29.0388 
218.361 	 0.5 	 43.0654 
218.361 	 0.6 	 57.3525 
218.361 	 0.7 	 69.612 
218.361 	 0.8 	 77.7298 
218.361 	 0.9 	 79.4393 
218.361 	 1 	 74.2551 
218.361 	 1.1 	 57.6479 
218.361 	 1.2 	 41.1346 
218.361 	 1.3 	 27.2622 
218.361 	 1.4 	 17.1979 
218.361 	 1.5 	 11.0408 
218.361 	 1.6 	 9.47362 
218.361 	 1.7 	 11.849 
218.361 	 1.8 	 15.6794 
218.361 	 1.9 	 23.4961 
218.361 	 2 	 34.7267 
218.361 	 2.1 	 48.8984 
218.361 	 2.2 	 65.9837 
218.361 	 2.3 	 85.1584 
218.361 	 2.4 	 106.247 
218.361 	 2.5 	 129.087 

224.262 	 0 	 3.28798 
224.262 	 0.1 	 3.93799 
224.262 	 0.2 	 8.45283 
224.262 	 0.3 	 17.2665 
224.262 	 0.4 	 29.0428 
224.262 	 0.5 	 43.1312 
224.262 	 0.6 	 57.6427 
224.262 	 0.7 	 69.9679 
224.262 	 0.8 	 78.006 
224.262 	 0.9 	 79.3651 
224.262 	 1 	 73.8061 
224.262 	 1.1 	 57.1343 
224.262 	 1.2 	 40.2624 
224.262 	 1.3 	 25.9303 
224.262 	 1.4 	 15.454 
224.262 	 1.5 	 8.92161 
224.262 	 1.6 	 6.94424 
224.262 	 1.7 	 8.27189 
224.262 	 1.8 	 11.9358 
224.262 	 1.9 	 19.5654 
224.262 	 2 	 30.845 
224.262 	 2.1 	 45.0543 
224.262 	 2.2 	 62.2457 
224.262 	 2.3 	 81.796 
224.262 	 2.4 	 103.147 
224.262 	 2.5 	 126.321 

230.164 	 0 	 3.64198 
230.164 	 0.1 	 4.07529 
230.164 	 0.2 	 8.3162 
230.164 	 0.3 	 16.822 
230.164 	 0.4 	 28.3364 
230.164 	 0.5 	 42.2529 
230.164 	 0.6 	 56.8543 
230.164 	 0.7 	 69.5537 
230.164 	 0.8 	 77.9594 
230.164 	 0.9 	 79.7298 
230.164 	 1 	 74.1284 
230.164 	 1.1 	 56.9247 
230.164 	 1.2 	 39.9146 
230.164 	 1.3 	 25.3288 
230.164 	 1.4 	 14.5648 
230.164 	 1.5 	 7.89639 
230.164 	 1.6 	 5.69746 
230.164 	 1.7 	 6.68645 
230.164 	 1.8 	 10.2764 
230.164 	 1.9 	 17.8267 
230.164 	 2 	 29.2171 
230.164 	 2.1 	 43.6018 
230.164 	 2.2 	 60.9182 
230.164 	 2.3 	 80.8554 
230.164 	 2.4 	 102.521 
230.164 	 2.5 	 125.986 

236.066 	 0 	 3.96919 
236.066 	 0.1 	 4.15178 
236.066 	 0.2 	 8.00908 
236.066 	 0.3 	 15.9946 
236.066 	 0.4 	 27.0216 
236.066 	 0.5 	 40.4982 
236.066 	 0.6 	 54.9324 
236.066 	 0.7 	 68.0625 
236.066 	 0.8 	 77.1249 
236.066 	 0.9 	 79.9571 
236.066 	 1 	 73.5165 
236.066 	 1.1 	 56.6615 
236.066 	 1.2 	 39.7802 
236.066 	 1.3 	 25.2128 
236.066 	 1.4 	 14.4275 
236.066 	 1.5 	 7.83236 
236.066 	 1.6 	 5.65513 
236.066 	 1.7 	 6.82095 
236.066 	 1.8 	 10.6127 
236.066 	 1.9 	 18.2693 
236.066 	 2 	 29.748 
236.066 	 2.1 	 44.5713 
236.066 	 2.2 	 62.0805 
236.066 	 2.3 	 82.2636 
236.066 	 2.4 	 104.456 
236.066 	 2.5 	 128.194 

241.967 	 0 	 4.26105 
241.967 	 0.1 	 4.1658 
241.967 	 0.2 	 7.54841 
241.967 	 0.3 	 14.7975 
241.967 	 0.4 	 25.1837 
241.967 	 0.5 	 37.9534 
241.967 	 0.6 	 51.9552 
241.967 	 0.7 	 65.168 
241.967 	 0.8 	 74.9249 
241.967 	 0.9 	 78.873 
241.967 	 1 	 71.6318 
241.967 	 1.1 	 55.6074 
241.967 	 1.2 	 39.2343 
241.967 	 1.3 	 25.089 
241.967 	 1.4 	 14.649 
241.967 	 1.5 	 8.4403 
241.967 	 1.6 	 6.61715 
241.967 	 1.7 	 8.44625 
241.967 	 1.8 	 12.5753 
241.967 	 1.9 	 20.7434 
241.967 	 2 	 32.4834 
241.967 	 2.1 	 47.7509 
241.967 	 2.2 	 65.7221 
241.967 	 2.3 	 86.1618 
241.967 	 2.4 	 108.857 
241.967 	 2.5 	 132.996 

247.869 	 0 	 4.5098 
247.869 	 0.1 	 4.11869 
247.869 	 0.2 	 6.92538 
247.869 	 0.3 	 13.3455 
247.869 	 0.4 	 22.9299 
247.869 	 0.5 	 34.7295 
247.869 	 0.6 	 47.9419 
247.869 	 0.7 	 60.7491 
247.869 	 0.8 	 70.7263 
247.869 	 0.9 	 74.8333 
247.869 	 1 	 67.7755 
247.869 	 1.1 	 52.826 
247.869 	 1.2 	 37.5402 
247.869 	 1.3 	 24.3552 
247.869 	 1.4 	 14.7671 
247.869 	 1.5 	 9.41289 
247.869 	 1.6 	 8.36198 
247.869 	 1.7 	 11.2072 
247.869 	 1.8 	 15.962 
247.869 	 1.9 	 24.915 
247.869 	 2 	 37.2873 
247.869 	 2.1 	 52.9966 
247.869 	 2.2 	 71.7266 
247.869 	 2.3 	 92.5586 
247.869 	 2.4 	 115.545 
247.869 	 2.5 	 140.317 

253.77 	 0 	 4.70878 
253.77 	 0.1 	 3.97776 
253.77 	 0.2 	 6.21286 
253.77 	 0.3 	 11.7187 
253.77 	 0.4 	 20.2699 
253.77 	 0.5 	 30.9742 
253.77 	 0.6 	 43.0024 
253.77 	 0.7 	 54.8102 
253.77 	 0.8 	 63.9742 
253.77 	 0.9 	 67.9039 
253.77 	 1 	 61.5068 
253.77 	 1.1 	 48.0336 
253.77 	 1.2 	 34.323 
253.77 	 1.3 	 22.7262 
253.77 	 1.4 	 14.6273 
253.77 	 1.5 	 10.5792 
253.77 	 1.6 	 10.7601 
253.77 	 1.7 	 14.629 
253.77 	 1.8 	 20.6797 
253.77 	 1.9 	 30.5351 
253.77 	 2 	 43.9729 
253.77 	 2.1 	 60.4078 
253.77 	 2.2 	 79.689 
253.77 	 2.3 	 101.377 
253.77 	 2.4 	 124.742 
253.77 	 2.5 	 149.779 

259.672 	 0 	 4.85262 
259.672 	 0.1 	 3.78583 
259.672 	 0.2 	 5.44703 
259.672 	 0.3 	 10.001 
259.672 	 0.4 	 17.2992 
259.672 	 0.5 	 26.7456 
259.672 	 0.6 	 37.3056 
259.672 	 0.7 	 47.4056 
259.672 	 0.8 	 55.0743 
259.672 	 0.9 	 58.3812 
259.672 	 1 	 53.0247 
259.672 	 1.1 	 41.4392 
259.672 	 1.2 	 29.8463 
259.672 	 1.3 	 20.3923 
259.672 	 1.4 	 14.3167 
259.672 	 1.5 	 12.0063 
259.672 	 1.6 	 13.7918 
259.672 	 1.7 	 18.9351 
259.672 	 1.8 	 26.5484 
259.672 	 1.9 	 37.7888 
259.672 	 2 	 52.2765 
259.672 	 2.1 	 69.8881 
259.672 	 2.2 	 89.9186 
259.672 	 2.3 	 112.179 
259.672 	 2.4 	 136.33 
259.672 	 2.5 	 161.73 

265.574 	 0 	 4.91578 
265.574 	 0.1 	 3.55234 
265.574 	 0.2 	 4.66476 
265.574 	 0.3 	 8.27568 
265.574 	 0.4 	 14.2943 
265.574 	 0.5 	 22.1538 
265.574 	 0.6 	 30.8849 
265.574 	 0.7 	 39.0986 
265.574 	 0.8 	 45.1534 
265.574 	 0.9 	 47.2071 
265.574 	 1 	 43.3427 
265.574 	 1.1 	 33.7738 
265.574 	 1.2 	 24.6507 
265.574 	 1.3 	 17.7637 
265.574 	 1.4 	 14.0588 
265.574 	 1.5 	 13.8833 
265.574 	 1.6 	 17.6681 
265.574 	 1.7 	 24.4162 
265.574 	 1.8 	 33.799 
265.574 	 1.9 	 46.7102 
265.574 	 2 	 62.5411 
265.574 	 2.1 	 81.1776 
265.574 	 2.2 	 102.311 
265.574 	 2.3 	 125.325 
265.574 	 2.4 	 149.931 
265.574 	 2.5 	 175.912 

271.475 	 0 	 4.90754 
271.475 	 0.1 	 3.28702 
271.475 	 0.2 	 3.90144 
271.475 	 0.3 	 6.62125 
271.475 	 0.4 	 11.3966 
271.475 	 0.5 	 17.6666 
271.475 	 0.6 	 24.5406 
271.475 	 0.7 	 30.8281 
271.475 	 0.8 	 35.0918 
271.475 	 0.9 	 36.1084 
271.475 	 1 	 33.3599 
271.475 	 1.1 	 26.201 
271.475 	 1.2 	 19.753 
271.475 	 1.3 	 15.599 
271.475 	 1.4 	 14.4324 
271.475 	 1.5 	 16.761 
271.475 	 1.6 	 22.7864 
271.475 	 1.7 	 31.3691 
271.475 	 1.8 	 42.8106 
271.475 	 1.9 	 57.3776 
271.475 	 2 	 74.8429 
271.475 	 2.1 	 94.6461 
271.475 	 2.2 	 116.659 
271.475 	 2.3 	 140.543 
271.475 	 2.4 	 165.857 
271.475 	 2.5 	 192.123 

277.377 	 0 	 4.83873 
277.377 	 0.1 	 3.00034 
277.377 	 0.2 	 3.1893 
277.377 	 0.3 	 5.10789 
277.377 	 0.4 	 8.73319 
277.377 	 0.5 	 13.5275 
277.377 	 0.6 	 18.6935 
277.377 	 0.7 	 23.1666 
277.377 	 0.8 	 25.7917 
277.377 	 0.9 	 26.3298 
277.377 	 1 	 24.3885 
277.377 	 1.1 	 19.5843 
277.377 	 1.2 	 15.9213 
277.377 	 1.3 	 14.6005 
277.377 	 1.4 	 16.2146 
277.377 	 1.5 	 21.1335 
277.377 	 1.6 	 29.4954 
277.377 	 1.7 	 40.1814 
277.377 	 1.8 	 53.7569 
277.377 	 1.9 	 70.1367 
277.377 	 2 	 89.009 
277.377 	 2.1 	 110.185 
277.377 	 2.2 	 133.234 
277.377 	 2.3 	 157.767 
277.377 	 2.4 	 183.57 
277.377 	 2.5 	 210.308 

283.279 	 0 	 4.71133 
283.279 	 0.1 	 2.70289 
283.279 	 0.2 	 2.47152 
283.279 	 0.3 	 3.792 
283.279 	 0.4 	 6.42055 
283.279 	 0.5 	 9.94872 
283.279 	 0.6 	 13.518 
283.279 	 0.7 	 16.4476 
283.279 	 0.8 	 18.2223 
283.279 	 0.9 	 18.4525 
283.279 	 1 	 17.4634 
283.279 	 1.1 	 14.9476 
283.279 	 1.2 	 14.0267 
283.279 	 1.3 	 15.5164 
283.279 	 1.4 	 19.874 
283.279 	 1.5 	 27.369 
283.279 	 1.6 	 38.0378 
283.279 	 1.7 	 51.2018 
283.279 	 1.8 	 66.7637 
283.279 	 1.9 	 84.9249 
283.279 	 2 	 105.35 
283.279 	 2.1 	 127.645 
283.279 	 2.2 	 151.622 
283.279 	 2.3 	 176.949 
283.279 	 2.4 	 203.237 
283.279 	 2.5 	 230.121 

289.18 	 0 	 4.52908 
289.18 	 0.1 	 2.40484 
289.18 	 0.2 	 1.81326 
289.18 	 0.3 	 2.55664 
289.18 	 0.4 	 4.35844 
289.18 	 0.5 	 6.77309 
289.18 	 0.6 	 9.26179 
289.18 	 0.7 	 11.3518 
289.18 	 0.8 	 12.7155 
289.18 	 0.9 	 13.1832 
289.18 	 1 	 12.8774 
289.18 	 1.1 	 12.6813 
289.18 	 1.2 	 14.43 
289.18 	 1.3 	 18.6274 
289.18 	 1.4 	 25.6241 
289.18 	 1.5 	 35.5839 
289.18 	 1.6 	 48.5045 
289.18 	 1.7 	 64.2575 
289.18 	 1.8 	 81.9915 
289.18 	 1.9 	 101.75 
289.18 	 2 	 123.524 
289.18 	 2.1 	 147.009 
289.18 	 2.2 	 171.843 
289.18 	 2.3 	 197.665 
289.18 	 2.4 	 224.269 
289.18 	 2.5 	 251.357 

295.082 	 0 	 4.29744 
295.082 	 0.1 	 2.11553 
295.082 	 0.2 	 1.27049 
295.082 	 0.3 	 1.56283 
295.082 	 0.4 	 2.73408 
295.082 	 0.5 	 4.43478 
295.082 	 0.6 	 6.29193 
295.082 	 0.7 	 8.03552 
295.082 	 0.8 	 9.28662 
295.082 	 0.9 	 10.3464 
295.082 	 1 	 10.8678 
295.082 	 1.1 	 12.9946 
295.082 	 1.2 	 17.2548 
295.082 	 1.3 	 24.0279 
295.082 	 1.4 	 33.5584 
295.082 	 1.5 	 45.8913 
295.082 	 1.6 	 60.965 
295.082 	 1.7 	 78.6127 
295.082 	 1.8 	 98.5963 
295.082 	 1.9 	 120.348 
295.082 	 2 	 143.411 
295.082 	 2.1 	 167.862 
295.082 	 2.2 	 193.346 
295.082 	 2.3 	 219.646 
295.082 	 2.4 	 246.472 
295.082 	 2.5 	 273.553 

300.984 	 0 	 4.0234 
300.984 	 0.1 	 1.84309 
300.984 	 0.2 	 0.853293 
300.984 	 0.3 	 0.869569 
300.984 	 0.4 	 1.66646 
300.984 	 0.5 	 3.00321 
300.984 	 0.6 	 4.66277 
300.984 	 0.7 	 6.23588 
300.984 	 0.8 	 7.79942 
300.984 	 0.9 	 8.89001 
300.984 	 1 	 11.3772 
300.984 	 1.1 	 15.6987 
300.984 	 1.2 	 22.3015 
300.984 	 1.3 	 31.509 
300.984 	 1.4 	 43.4252 
300.984 	 1.5 	 58.0222 
300.984 	 1.6 	 75.1676 
300.984 	 1.7 	 94.6167 
300.984 	 1.8 	 116.126 
300.984 	 1.9 	 139.372 
300.984 	 2 	 164.07 
300.984 	 2.1 	 189.765 
300.984 	 2.2 	 215.842 
300.984 	 2.3 	 242.49 
300.984 	 2.4 	 269.361 
300.984 	 2.5 	 296.214 

306.885 	 0 	 3.71525 
306.885 	 0.1 	 1.59418 
306.885 	 0.2 	 0.568222 
306.885 	 0.3 	 0.483017 
306.885 	 0.4 	 1.16858 
306.885 	 0.5 	 2.47056 
306.885 	 0.6 	 4.05074 
306.885 	 0.7 	 5.5172 
306.885 	 0.8 	 6.94763 
306.885 	 0.9 	 9.67371 
306.885 	 1 	 13.9912 
306.885 	 1.1 	 20.4834 
306.885 	 1.2 	 29.434 
306.885 	 1.3 	 40.9784 
306.885 	 1.4 	 55.1252 
306.885 	 1.5 	 71.75 
306.885 	 1.6 	 90.6747 
306.885 	 1.7 	 111.689 
306.885 	 1.8 	 134.519 
306.885 	 1.9 	 158.865 
306.885 	 2 	 184.415 
306.885 	 2.1 	 210.861 
306.885 	 2.2 	 237.901 
306.885 	 2.3 	 265.235 
306.885 	 2.4 	 292.38 
306.885 	 2.5 	 318.921 

312.787 	 0 	 3.3823 
312.787 	 0.1 	 1.37323 
312.787 	 0.2 	 0.416288 
312.787 	 0.3 	 0.399569 
312.787 	 0.4 	 1.22308 
312.787 	 0.5 	 2.55438 
312.787 	 0.6 	 3.63063 
312.787 	 0.7 	 5.1489 
312.787 	 0.8 	 7.88881 
312.787 	 0.9 	 12.1479 
312.787 	 1 	 18.4854 
312.787 	 1.1 	 27.1793 
312.787 	 1.2 	 38.3839 
312.787 	 1.3 	 52.111 
312.787 	 1.4 	 68.2822 
312.787 	 1.5 	 86.7708 
312.787 	 1.6 	 107.361 
312.787 	 1.7 	 129.794 
312.787 	 1.8 	 153.78 
312.787 	 1.9 	 179.017 
312.787 	 2 	 205.198 
312.787 	 2.1 	 232.023 
312.787 	 2.2 	 259.205 
312.787 	 2.3 	 286.479 
312.787 	 2.4 	 313.603 
312.787 	 2.5 	 340.336 

318.689 	 0 	 3.03452 
318.689 	 0.1 	 1.18261 
318.689 	 0.2 	 0.393288 
318.689 	 0.3 	 0.604122 
318.689 	 0.4 	 1.57229 
318.689 	 0.5 	 2.18999 
318.689 	 0.6 	 3.54413 
318.689 	 0.7 	 6.10355 
318.689 	 0.8 	 10.1615 
318.689 	 0.9 	 16.2409 
318.689 	 1 	 24.6163 
318.689 	 1.1 	 35.4385 
318.689 	 1.2 	 48.7385 
318.689 	 1.3 	 64.3703 
318.689 	 1.4 	 82.3539 
318.689 	 1.5 	 102.492 
318.689 	 1.6 	 124.534 
318.689 	 1.7 	 148.194 
318.689 	 1.8 	 173.171 
318.689 	 1.9 	 199.132 
318.689 	 2 	 225.811 
318.689 	 2.1 	 252.921 
318.689 	 2.2 	 280.178 
318.689 	 2.3 	 307.3 
318.689 	 2.4 	 334.088 
318.689 	 2.5 	 360.355 

324.59 	 0 	 2.68219 
324.59 	 0.1 	 1.02426 
324.59 	 0.2 	 0.490475 
324.59 	 0.3 	 0.982221 
324.59 	 0.4 	 1.23834 
324.59 	 0.5 	 2.17843 
324.59 	 0.6 	 4.37768 
324.59 	 0.7 	 8.04809 
324.59 	 0.8 	 13.7197 
324.59 	 0.9 	 21.6627 
324.59 	 1 	 32.0055 
324.59 	 1.1 	 44.7089 
324.59 	 1.2 	 59.8434 
324.59 	 1.3 	 77.3645 
324.59 	 1.4 	 97.0817 
324.59 	 1.5 	 118.752 
324.59 	 1.6 	 142.098 
324.59 	 1.7 	 166.785 
324.59 	 1.8 	 192.542 
324.59 	 1.9 	 219.077 
324.59 	 2 	 246.095 
324.59 	 2.1 	 273.318 
324.59 	 2.2 	 300.491 
324.59 	 2.3 	 327.32 
324.59 	 2.4 	 353.647 
324.59 	 2.5 	 379.315 

330.492 	 0 	 2.33546 
330.492 	 0.1 	 0.898629 
330.492 	 0.2 	 0.695353 
330.492 	 0.3 	 0.868847 
330.492 	 0.4 	 1.14994 
330.492 	 0.5 	 2.80898 
330.492 	 0.6 	 5.87616 
330.492 	 0.7 	 10.9506 
330.492 	 0.8 	 18.2935 
330.492 	 0.9 	 28.0448 
330.492 	 1 	 40.1013 
330.492 	 1.1 	 54.664 
330.492 	 1.2 	 71.664 
330.492 	 1.3 	 90.9211 
330.492 	 1.4 	 112.199 
330.492 	 1.5 	 135.206 
330.492 	 1.6 	 159.627 
330.492 	 1.7 	 185.2 
330.492 	 1.8 	 211.587 
330.492 	 1.9 	 238.515 
330.492 	 2 	 265.722 
330.492 	 2.1 	 292.943 
330.492 	 2.2 	 319.936 
330.492 	 2.3 	 346.422 
330.492 	 2.4 	 372.217 
330.492 	 2.5 	 397.237 

336.393 	 0 	 2.00401 
336.393 	 0.1 	 0.804795 
336.393 	 0.2 	 0.98821 
336.393 	 0.3 	 0.641895 
336.393 	 0.4 	 1.45316 
336.393 	 0.5 	 3.79395 
336.393 	 0.6 	 8.04504 
336.393 	 0.7 	 14.5926 
336.393 	 0.8 	 23.5765 
336.393 	 0.9 	 34.9015 
336.393 	 1 	 48.7629 
336.393 	 1.1 	 65.1367 
336.393 	 1.2 	 83.8518 
336.393 	 1.3 	 104.678 
336.393 	 1.4 	 127.301 
336.393 	 1.5 	 151.356 
336.393 	 1.6 	 176.625 
336.393 	 1.7 	 202.85 
336.393 	 1.8 	 229.721 
336.393 	 1.9 	 256.941 
336.393 	 2 	 284.234 
336.393 	 2.1 	 311.348 
336.393 	 2.2 	 338.063 
336.393 	 2.3 	 364.195 
336.393 	 2.4 	 389.487 
336.393 	 2.5 	 413.856 

342.295 	 0 	 1.69617 
342.295 	 0.1 	 0.740629 
342.295 	 0.2 	 0.938271 
342.295 	 0.3 	 0.624315 
342.295 	 0.4 	 2.04807 
342.295 	 0.5 	 5.21491 
342.295 	 0.6 	 10.7221 
342.295 	 0.7 	 18.7225 
342.295 	 0.8 	 29.188 
342.295 	 0.9 	 42.1676 
342.295 	 1 	 57.7606 
342.295 	 1.1 	 75.8048 
342.295 	 1.2 	 96.0747 
342.295 	 1.3 	 118.204 
342.295 	 1.4 	 141.828 
342.295 	 1.5 	 166.836 
342.295 	 1.6 	 192.905 
342.295 	 1.7 	 219.715 
342.295 	 1.8 	 246.958 
342.295 	 1.9 	 274.347 
342.295 	 2 	 301.618 
342.295 	 2.1 	 328.538 
342.295 	 2.2 	 354.91 
342.295 	 2.3 	 380.558 
342.295 	 2.4 	 405.257 
342.295 	 2.5 	 429.009 

348.197 	 0 	 1.41914 
348.197 	 0.1 	 0.703016 
348.197 	 0.2 	 0.703198 
348.197 	 0.3 	 0.778092 
348.197 	 0.4 	 2.78307 
348.197 	 0.5 	 6.95828 
348.197 	 0.6 	 13.7188 
348.197 	 0.7 	 23.15 
348.197 	 0.8 	 35.015 
348.197 	 0.9 	 49.6195 
348.197 	 1 	 66.8126 
348.197 	 1.1 	 86.374 
348.197 	 1.2 	 107.911 
348.197 	 1.3 	 131.061 
348.197 	 1.4 	 155.732 
348.197 	 1.5 	 181.59 
348.197 	 1.6 	 208.307 
348.197 	 1.7 	 235.561 
348.197 	 1.8 	 263.052 
348.197 	 1.9 	 290.503 
348.197 	 2 	 317.665 
348.197 	 2.1 	 344.327 
348.197 	 2.2 	 370.311 
348.197 	 2.3 	 395.442 
348.197 	 2.4 	 419.554 
348.197 	 2.5 	 442.635 

354.098 	 0 	 1.1791 
354.098 	 0.1 	 0.688123 
354.098 	 0.2 	 0.551217 
354.098 	 0.3 	 1.06396 
354.098 	 0.4 	 3.70609 
354.098 	 0.5 	 8.91254 
354.098 	 0.6 	 16.8998 
354.098 	 0.7 	 27.5593 
354.098 	 0.8 	 40.9125 
354.098 	 0.9 	 57.0186 
354.098 	 1 	 75.6651 
354.098 	 1.1 	 96.5263 
354.098 	 1.2 	 119.053 
354.098 	 1.3 	 143.265 
354.098 	 1.4 	 168.82 
354.098 	 1.5 	 195.376 
354.098 	 1.6 	 222.6 
354.098 	 1.7 	 250.175 
354.098 	 1.8 	 277.807 
354.098 	 1.9 	 305.234 
354.098 	 2 	 332.224 
354.098 	 2.1 	 358.584 
354.098 	 2.2 	 384.157 
354.098 	 2.3 	 408.77 
354.098 	 2.4 	 432.313 
354.098 	 2.5 	 454.811 

360 	 0 	 0.980474 
360 	 0.1 	 0.691594 
360 	 0.2 	 0.466129 
360 	 0.3 	 1.44248 
360 	 0.4 	 4.74686 
360 	 0.5 	 10.9478 
360 	 0.6 	 20.1357 
360 	 0.7 	 31.9603 
360 	 0.8 	 46.6857 
360 	 0.9 	 64.1526 
360 	 1 	 84.0811 
360 	 1.1 	 105.901 
360 	 1.2 	 129.483 
360 	 1.3 	 154.595 
360 	 1.4 	 180.882 
360 	 1.5 	 207.996 
360 	 1.6 	 235.577 
360 	 1.7 	 263.353 
360 	 1.8 	 291.052 
360 	 1.9 	 318.416 
360 	 2 	 345.19 
360 	 2.1 	 371.225 
360 	 2.2 	 396.386 
360 	 2.3 	 420.5 
360 	 2.4 	 443.512 
360 	 2.5 	 465.846 

