0 	 0 	 0.869953 
0 	 0.06 	 0.495392 
0 	 0.12 	 0.718107 
0 	 0.18 	 1.27659 
0 	 0.24 	 2.39802 
0 	 0.3 	 4.55665 
0 	 0.36 	 8.22775 
0 	 0.42 	 13.5676 
0 	 0.48 	 20.6417 
0 	 0.54 	 29.6091 
0 	 0.6 	 40.5719 
0 	 0.66 	 53.6052 
0 	 0.72 	 68.8305 
0 	 0.78 	 86.2342 
0 	 0.84 	 104.31 
0 	 0.9 	 124.473 
0 	 0.96 	 147.487 
0 	 1.02 	 172.717 
0 	 1.08 	 200.578 
0 	 1.14 	 231.538 
0 	 1.2 	 265.437 

5.90164 	 0 	 0.722207 
5.90164 	 0.06 	 0.492836 
5.90164 	 0.12 	 0.744184 
5.90164 	 0.18 	 1.29549 
5.90164 	 0.24 	 2.52101 
5.90164 	 0.3 	 4.68118 
5.90164 	 0.36 	 8.29633 
5.90164 	 0.42 	 13.5418 
5.90164 	 0.48 	 20.5648 
5.90164 	 0.54 	 29.5081 
5.90164 	 0.6 	 40.5596 
5.90164 	 0.66 	 53.656 
5.90164 	 0.72 	 68.8902 
5.90164 	 0.78 	 86.5632 
5.90164 	 0.84 	 105.087 
5.90164 	 0.9 	 124.812 
5.90164 	 0.96 	 147.055 
5.90164 	 1.02 	 172.369 
5.90164 	 1.08 	 200.857 
5.90164 	 1.14 	 232.134 
5.90164 	 1.2 	 265.173 

11.8033 	 0 	 0.613935 
11.8033 	 0.06 	 0.499277 
11.8033 	 0.12 	 0.768335 
11.8033 	 0.18 	 1.32928 
11.8033 	 0.24 	 2.53738 
11.8033 	 0.3 	 4.93639 
11.8033 	 0.36 	 8.58784 
11.8033 	 0.42 	 13.8572 
11.8033 	 0.48 	 20.9527 
11.8033 	 0.54 	 30.0046 
11.8033 	 0.6 	 41.1145 
11.8033 	 0.66 	 54.2324 
11.8033 	 0.72 	 69.6838 
11.8033 	 0.78 	 87.3305 
11.8033 	 0.84 	 104.62 
11.8033 	 0.9 	 124.427 
11.8033 	 0.96 	 147.079 
11.8033 	 1.02 	 172.96 
11.8033 	 1.08 	 200.819 
11.8033 	 1.14 	 231.557 
11.8033 	 1.2 	 265.291 

17.7049 	 0 	 0.543734 
17.7049 	 0.06 	 0.510641 
17.7049 	 0.12 	 0.798031 
17.7049 	 0.18 	 1.35128 
17.7049 	 0.24 	 2.5327 
17.7049 	 0.3 	 4.94024 
17.7049 	 0.36 	 8.80188 
17.7049 	 0.42 	 14.2307 
17.7049 	 0.48 	 21.3586 
17.7049 	 0.54 	 30.2936 
17.7049 	 0.6 	 41.212 
17.7049 	 0.66 	 54.1867 
17.7049 	 0.72 	 69.4032 
17.7049 	 0.78 	 86.8059 
17.7049 	 0.84 	 104.856 
17.7049 	 0.9 	 124.936 
17.7049 	 0.96 	 147.391 
17.7049 	 1.02 	 172.343 
17.7049 	 1.08 	 200.528 
17.7049 	 1.14 	 231.808 
17.7049 	 1.2 	 265.452 

23.6066 	 0 	 0.516522 
23.6066 	 0.06 	 0.532193 
23.6066 	 0.12 	 0.832461 
23.6066 	 0.18 	 1.3879 
23.6066 	 0.24 	 2.58394 
23.6066 	 0.3 	 4.95084 
23.6066 	 0.36 	 8.73703 
23.6066 	 0.42 	 14.0728 
23.6066 	 0.48 	 21.1442 
23.6066 	 0.54 	 30.0852 
23.6066 	 0.6 	 41.0741 
23.6066 	 0.66 	 54.1905 
23.6066 	 0.72 	 69.4413 
23.6066 	 0.78 	 87.1685 
23.6066 	 0.84 	 105.218 
23.6066 	 0.9 	 124.482 
23.6066 	 0.96 	 146.841 
23.6066 	 1.02 	 172.33 
23.6066 	 1.08 	 201.012 
23.6066 	 1.14 	 231.508 
23.6066 	 1.2 	 265.041 

29.5082 	 0 	 0.548142 
29.5082 	 0.06 	 0.553459 
29.5082 	 0.12 	 0.846529 
29.5082 	 0.18 	 1.44485 
29.5082 	 0.24 	 2.69265 
29.5082 	 0.3 	 5.08316 
29.5082 	 0.36 	 8.8726 
29.5082 	 0.42 	 14.2398 
29.5082 	 0.48 	 21.3688 
29.5082 	 0.54 	 30.4403 
29.5082 	 0.6 	 41.5694 
29.5082 	 0.66 	 54.7509 
29.5082 	 0.72 	 70.175 
29.5082 	 0.78 	 87.5106 
29.5082 	 0.84 	 104.914 
29.5082 	 0.9 	 124.535 
29.5082 	 0.96 	 147.21 
29.5082 	 1.02 	 172.396 
29.5082 	 1.08 	 200.208 
29.5082 	 1.14 	 231.199 
29.5082 	 1.2 	 265.187 

35.4098 	 0 	 0.635174 
35.4098 	 0.06 	 0.580375 
35.4098 	 0.12 	 0.861924 
35.4098 	 0.18 	 1.45491 
35.4098 	 0.24 	 2.85979 
35.4098 	 0.3 	 5.33717 
35.4098 	 0.36 	 9.21641 
35.4098 	 0.42 	 14.7179 
35.4098 	 0.48 	 22.0142 
35.4098 	 0.54 	 31.0068 
35.4098 	 0.6 	 41.7574 
35.4098 	 0.66 	 54.6081 
35.4098 	 0.72 	 69.7577 
35.4098 	 0.78 	 86.9745 
35.4098 	 0.84 	 105.398 
35.4098 	 0.9 	 124.72 
35.4098 	 0.96 	 146.802 
35.4098 	 1.02 	 171.813 
35.4098 	 1.08 	 200.107 
35.4098 	 1.14 	 231.391 
35.4098 	 1.2 	 264.689 

41.3115 	 0 	 0.588425 
41.3115 	 0.06 	 0.602008 
41.3115 	 0.12 	 0.868419 
41.3115 	 0.18 	 1.44385 
41.3115 	 0.24 	 2.82475 
41.3115 	 0.3 	 5.4043 
41.3115 	 0.36 	 9.31891 
41.3115 	 0.42 	 14.7182 
41.3115 	 0.48 	 21.7643 
41.3115 	 0.54 	 30.6499 
41.3115 	 0.6 	 41.4732 
41.3115 	 0.66 	 54.5184 
41.3115 	 0.72 	 69.7764 
41.3115 	 0.78 	 87.2527 
41.3115 	 0.84 	 105.319 
41.3115 	 0.9 	 124.309 
41.3115 	 0.96 	 146.581 
41.3115 	 1.02 	 172.021 
41.3115 	 1.08 	 199.913 
41.3115 	 1.14 	 230.561 
41.3115 	 1.2 	 264.283 

47.2131 	 0 	 0.56687 
47.2131 	 0.06 	 0.615514 
47.2131 	 0.12 	 0.873252 
47.2131 	 0.18 	 1.4524 
47.2131 	 0.24 	 2.84099 
47.2131 	 0.3 	 5.41055 
47.2131 	 0.36 	 9.3051 
47.2131 	 0.42 	 14.7209 
47.2131 	 0.48 	 21.8199 
47.2131 	 0.54 	 30.819 
47.2131 	 0.6 	 41.8383 
47.2131 	 0.66 	 55.0629 
47.2131 	 0.72 	 70.4252 
47.2131 	 0.78 	 87.5019 
47.2131 	 0.84 	 105.314 
47.2131 	 0.9 	 124.704 
47.2131 	 0.96 	 146.755 
47.2131 	 1.02 	 171.441 
47.2131 	 1.08 	 199.272 
47.2131 	 1.14 	 230.313 
47.2131 	 1.2 	 264.249 

53.1148 	 0 	 0.572405 
53.1148 	 0.06 	 0.616645 
53.1148 	 0.12 	 0.878045 
53.1148 	 0.18 	 1.48302 
53.1148 	 0.24 	 2.91781 
53.1148 	 0.3 	 5.53659 
53.1148 	 0.36 	 9.50353 
53.1148 	 0.42 	 15.0332 
53.1148 	 0.48 	 22.298 
53.1148 	 0.54 	 31.5147 
53.1148 	 0.6 	 42.2777 
53.1148 	 0.66 	 54.9114 
53.1148 	 0.72 	 69.8629 
53.1148 	 0.78 	 86.8965 
53.1148 	 0.84 	 106.116 
53.1148 	 0.9 	 124.348 
53.1148 	 0.96 	 146.238 
53.1148 	 1.02 	 171.093 
53.1148 	 1.08 	 199.281 
53.1148 	 1.14 	 229.918 
53.1148 	 1.2 	 263.331 

59.0164 	 0 	 0.59854 
59.0164 	 0.06 	 0.603564 
59.0164 	 0.12 	 0.877789 
59.0164 	 0.18 	 1.53842 
59.0164 	 0.24 	 3.05872 
59.0164 	 0.3 	 5.7879 
59.0164 	 0.36 	 9.91325 
59.0164 	 0.42 	 15.4939 
59.0164 	 0.48 	 22.4766 
59.0164 	 0.54 	 31.2076 
59.0164 	 0.6 	 41.8362 
59.0164 	 0.66 	 54.6641 
59.0164 	 0.72 	 69.856 
59.0164 	 0.78 	 87.07 
59.0164 	 0.84 	 105.677 
59.0164 	 0.9 	 124.287 
59.0164 	 0.96 	 146.283 
59.0164 	 1.02 	 171.254 
59.0164 	 1.08 	 198.545 
59.0164 	 1.14 	 229.159 
59.0164 	 1.2 	 262.879 

64.918 	 0 	 0.617138 
64.918 	 0.06 	 0.590609 
64.918 	 0.12 	 0.875594 
64.918 	 0.18 	 1.57162 
64.918 	 0.24 	 3.17625 
64.918 	 0.3 	 5.91092 
64.918 	 0.36 	 9.89887 
64.918 	 0.42 	 15.3332 
64.918 	 0.48 	 22.3707 
64.918 	 0.54 	 31.2207 
64.918 	 0.6 	 42.0492 
64.918 	 0.66 	 55.1359 
64.918 	 0.72 	 70.5119 
64.918 	 0.78 	 87.3217 
64.918 	 0.84 	 106.034 
64.918 	 0.9 	 124.707 
64.918 	 0.96 	 145.978 
64.918 	 1.02 	 170.412 
64.918 	 1.08 	 198.041 
64.918 	 1.14 	 228.932 
64.918 	 1.2 	 262.369 

70.8197 	 0 	 0.630999 
70.8197 	 0.06 	 0.566808 
70.8197 	 0.12 	 0.844838 
70.8197 	 0.18 	 1.54642 
70.8197 	 0.24 	 3.1616 
70.8197 	 0.3 	 5.9174 
70.8197 	 0.36 	 9.96189 
70.8197 	 0.42 	 15.499 
70.8197 	 0.48 	 22.7039 
70.8197 	 0.54 	 31.7775 
70.8197 	 0.6 	 42.8345 
70.8197 	 0.66 	 55.1853 
70.8197 	 0.72 	 69.8725 
70.8197 	 0.78 	 86.6692 
70.8197 	 0.84 	 105.727 
70.8197 	 0.9 	 124.253 
70.8197 	 0.96 	 145.758 
70.8197 	 1.02 	 170.251 
70.8197 	 1.08 	 198.076 
70.8197 	 1.14 	 228.097 
70.8197 	 1.2 	 261.43 

76.7213 	 0 	 0.632581 
76.7213 	 0.06 	 0.536482 
76.7213 	 0.12 	 0.80456 
76.7213 	 0.18 	 1.55083 
76.7213 	 0.24 	 3.22041 
76.7213 	 0.3 	 6.0646 
76.7213 	 0.36 	 10.2532 
76.7213 	 0.42 	 15.9919 
76.7213 	 0.48 	 23.29 
76.7213 	 0.54 	 31.8546 
76.7213 	 0.6 	 42.25 
76.7213 	 0.66 	 54.7995 
76.7213 	 0.72 	 69.6993 
76.7213 	 0.78 	 86.7859 
76.7213 	 0.84 	 106.15 
76.7213 	 0.9 	 124.469 
76.7213 	 0.96 	 145.883 
76.7213 	 1.02 	 170.037 
76.7213 	 1.08 	 197.022 
76.7213 	 1.14 	 227.397 
76.7213 	 1.2 	 260.935 

82.623 	 0 	 0.618256 
82.623 	 0.06 	 0.499148 
82.623 	 0.12 	 0.76791 
82.623 	 0.18 	 1.59084 
82.623 	 0.24 	 3.35947 
82.623 	 0.3 	 6.35798 
82.623 	 0.36 	 10.5984 
82.623 	 0.42 	 16.0608 
82.623 	 0.48 	 23.0398 
82.623 	 0.54 	 31.7365 
82.623 	 0.6 	 42.3419 
82.623 	 0.66 	 55.1548 
82.623 	 0.72 	 70.3481 
82.623 	 0.78 	 86.9214 
82.623 	 0.84 	 105.483 
82.623 	 0.9 	 124.706 
82.623 	 0.96 	 145.371 
82.623 	 1.02 	 169.498 
82.623 	 1.08 	 196.64 
82.623 	 1.14 	 227.172 
82.623 	 1.2 	 260.079 

88.5246 	 0 	 0.590975 
88.5246 	 0.06 	 0.454042 
88.5246 	 0.12 	 0.739142 
88.5246 	 0.18 	 1.67319 
88.5246 	 0.24 	 3.49268 
88.5246 	 0.3 	 6.39851 
88.5246 	 0.36 	 10.539 
88.5246 	 0.42 	 16.1039 
88.5246 	 0.48 	 23.2558 
88.5246 	 0.54 	 32.1902 
88.5246 	 0.6 	 43.0917 
88.5246 	 0.66 	 55.4974 
88.5246 	 0.72 	 69.7534 
88.5246 	 0.78 	 86.2136 
88.5246 	 0.84 	 105.089 
88.5246 	 0.9 	 124.506 
88.5246 	 0.96 	 145.411 
88.5246 	 1.02 	 169.42 
88.5246 	 1.08 	 196.356 
88.5246 	 1.14 	 226.079 
88.5246 	 1.2 	 259.148 

94.4262 	 0 	 0.552876 
94.4262 	 0.06 	 0.403481 
94.4262 	 0.12 	 0.723854 
94.4262 	 0.18 	 1.65023 
94.4262 	 0.24 	 3.47555 
94.4262 	 0.3 	 6.45758 
94.4262 	 0.36 	 10.7333 
94.4262 	 0.42 	 16.5036 
94.4262 	 0.48 	 23.9317 
94.4262 	 0.54 	 32.578 
94.4262 	 0.6 	 42.7488 
94.4262 	 0.66 	 55.0035 
94.4262 	 0.72 	 69.5762 
94.4262 	 0.78 	 86.3526 
94.4262 	 0.84 	 105.442 
94.4262 	 0.9 	 124.916 
94.4262 	 0.96 	 145.381 
94.4262 	 1.02 	 168.998 
94.4262 	 1.08 	 195.597 
94.4262 	 1.14 	 225.46 
94.4262 	 1.2 	 258.652 

100.328 	 0 	 0.49164 
100.328 	 0.06 	 0.349738 
100.328 	 0.12 	 0.679747 
100.328 	 0.18 	 1.65304 
100.328 	 0.24 	 3.56049 
100.328 	 0.3 	 6.68779 
100.328 	 0.36 	 11.1863 
100.328 	 0.42 	 16.8083 
100.328 	 0.48 	 23.7683 
100.328 	 0.54 	 32.3571 
100.328 	 0.6 	 42.7544 
100.328 	 0.66 	 55.2855 
100.328 	 0.72 	 70.1386 
100.328 	 0.78 	 86.5405 
100.328 	 0.84 	 104.777 
100.328 	 0.9 	 125.066 
100.328 	 0.96 	 145.12 
100.328 	 1.02 	 168.621 
100.328 	 1.08 	 195.351 
100.328 	 1.14 	 225.17 
100.328 	 1.2 	 257.595 

106.23 	 0 	 0.421423 
106.23 	 0.06 	 0.29125 
106.23 	 0.12 	 0.629278 
106.23 	 0.18 	 1.71902 
106.23 	 0.24 	 3.75886 
106.23 	 0.3 	 6.8467 
106.23 	 0.36 	 11.1234 
106.23 	 0.42 	 16.7584 
106.23 	 0.48 	 23.8992 
106.23 	 0.54 	 32.744 
106.23 	 0.6 	 43.4572 
106.23 	 0.66 	 55.8473 
106.23 	 0.72 	 69.7205 
106.23 	 0.78 	 85.7656 
106.23 	 0.84 	 104.339 
106.23 	 0.9 	 125.152 
106.23 	 0.96 	 145.317 
106.23 	 1.02 	 168.735 
106.23 	 1.08 	 194.794 
106.23 	 1.14 	 224.207 
106.23 	 1.2 	 256.733 

112.131 	 0 	 0.343961 
112.131 	 0.06 	 0.233289 
112.131 	 0.12 	 0.610764 
112.131 	 0.18 	 1.74208 
112.131 	 0.24 	 3.72007 
112.131 	 0.3 	 6.84829 
112.131 	 0.36 	 11.2572 
112.131 	 0.42 	 17.1034 
112.131 	 0.48 	 24.5306 
112.131 	 0.54 	 33.2785 
112.131 	 0.6 	 43.2795 
112.131 	 0.66 	 55.2738 
112.131 	 0.72 	 69.4998 
112.131 	 0.78 	 85.877 
112.131 	 0.84 	 104.758 
112.131 	 0.9 	 125.457 
112.131 	 0.96 	 145.163 
112.131 	 1.02 	 168.214 
112.131 	 1.08 	 194.203 
112.131 	 1.14 	 223.697 
112.131 	 1.2 	 256.298 

118.033 	 0 	 0.262772 
118.033 	 0.06 	 0.176547 
118.033 	 0.12 	 0.573662 
118.033 	 0.18 	 1.74143 
118.033 	 0.24 	 3.79134 
118.033 	 0.3 	 7.06068 
118.033 	 0.36 	 11.6911 
118.033 	 0.42 	 17.4243 
118.033 	 0.48 	 24.4305 
118.033 	 0.54 	 32.9857 
118.033 	 0.6 	 43.2321 
118.033 	 0.66 	 55.5197 
118.033 	 0.72 	 70.0547 
118.033 	 0.78 	 86.237 
118.033 	 0.84 	 104.051 
118.033 	 0.9 	 124.439 
118.033 	 0.96 	 145.066 
118.033 	 1.02 	 168.008 
118.033 	 1.08 	 194.067 
118.033 	 1.14 	 223.189 
118.033 	 1.2 	 255.364 

123.934 	 0 	 0.182979 
123.934 	 0.06 	 0.123866 
123.934 	 0.12 	 0.498901 
123.934 	 0.18 	 1.83755 
123.934 	 0.24 	 3.96247 
123.934 	 0.3 	 7.1669 
123.934 	 0.36 	 11.5977 
123.934 	 0.42 	 17.3286 
123.934 	 0.48 	 24.5223 
123.934 	 0.54 	 33.3495 
123.934 	 0.6 	 43.9279 
123.934 	 0.66 	 56.1363 
123.934 	 0.72 	 69.7434 
123.934 	 0.78 	 85.4261 
123.934 	 0.84 	 103.59 
123.934 	 0.9 	 124.318 
123.934 	 0.96 	 145.315 
123.934 	 1.02 	 168.003 
123.934 	 1.08 	 193.571 
123.934 	 1.14 	 222.389 
123.934 	 1.2 	 254.609 

129.836 	 0 	 0.111462 
129.836 	 0.06 	 0.0799988 
129.836 	 0.12 	 0.425344 
129.836 	 0.18 	 1.81231 
129.836 	 0.24 	 3.91269 
129.836 	 0.3 	 7.17676 
129.836 	 0.36 	 11.7363 
129.836 	 0.42 	 17.6788 
129.836 	 0.48 	 25.1654 
129.836 	 0.54 	 33.7893 
129.836 	 0.6 	 43.7062 
129.836 	 0.66 	 55.5123 
129.836 	 0.72 	 69.5079 
129.836 	 0.78 	 85.5476 
129.836 	 0.84 	 104.053 
129.836 	 0.9 	 124.445 
129.836 	 0.96 	 145.375 
129.836 	 1.02 	 167.716 
129.836 	 1.08 	 193.127 
129.836 	 1.14 	 222.004 
129.836 	 1.2 	 254.092 

135.738 	 0 	 0.0545826 
135.738 	 0.06 	 0.0496187 
135.738 	 0.12 	 0.348803 
135.738 	 0.18 	 1.87869 
135.738 	 0.24 	 4.04671 
135.738 	 0.3 	 7.44845 
135.738 	 0.36 	 12.0375 
135.738 	 0.42 	 17.7934 
135.738 	 0.48 	 24.8875 
135.738 	 0.54 	 33.4801 
135.738 	 0.6 	 43.6477 
135.738 	 0.66 	 55.7605 
135.738 	 0.72 	 70.0406 
135.738 	 0.78 	 85.9451 
135.738 	 0.84 	 103.408 
135.738 	 0.9 	 123.419 
135.738 	 0.96 	 145.328 
135.738 	 1.02 	 167.685 
135.738 	 1.08 	 193.069 
135.738 	 1.14 	 221.611 
135.738 	 1.2 	 253.242 

141.639 	 0 	 0.016812 
141.639 	 0.06 	 0.0264085 
141.639 	 0.12 	 0.280164 
141.639 	 0.18 	 1.89308 
141.639 	 0.24 	 4.05046 
141.639 	 0.3 	 7.34834 
141.639 	 0.36 	 11.8828 
141.639 	 0.42 	 17.7349 
141.639 	 0.48 	 25.0137 
141.639 	 0.54 	 33.8572 
141.639 	 0.6 	 44.3881 
141.639 	 0.66 	 56.1778 
141.639 	 0.72 	 69.6984 
141.639 	 0.78 	 85.125 
141.639 	 0.84 	 102.966 
141.639 	 0.9 	 123.349 
141.639 	 0.96 	 145.504 
141.639 	 1.02 	 167.731 
141.639 	 1.08 	 192.839 
141.639 	 1.14 	 220.985 
141.639 	 1.2 	 252.651 

147.541 	 0 	 5.76712e-10 
147.541 	 0.06 	 0.0157555 
147.541 	 0.12 	 0.226045 
147.541 	 0.18 	 1.76824 
147.541 	 0.24 	 4.11501 
147.541 	 0.3 	 7.46848 
147.541 	 0.36 	 12.1282 
147.541 	 0.42 	 18.1833 
147.541 	 0.48 	 25.4528 
147.541 	 0.54 	 33.8732 
147.541 	 0.6 	 43.8701 
147.541 	 0.66 	 55.571 
147.541 	 0.72 	 69.341 
147.541 	 0.78 	 85.2922 
147.541 	 0.84 	 103.505 
147.541 	 0.9 	 123.521 
147.541 	 0.96 	 145.442 
147.541 	 1.02 	 167.518 
147.541 	 1.08 	 192.494 
147.541 	 1.14 	 220.725 
147.541 	 1.2 	 252.431 

153.443 	 0 	 0.0185548 
153.443 	 0.06 	 0.0214041 
153.443 	 0.12 	 0.191428 
153.443 	 0.18 	 1.62459 
153.443 	 0.24 	 4.15637 
153.443 	 0.3 	 7.4938 
153.443 	 0.36 	 12.0399 
153.443 	 0.42 	 17.8851 
153.443 	 0.48 	 25.0412 
153.443 	 0.54 	 33.6569 
153.443 	 0.6 	 43.8697 
153.443 	 0.66 	 55.8833 
153.443 	 0.72 	 69.997 
153.443 	 0.78 	 85.5294 
153.443 	 0.84 	 102.773 
153.443 	 0.9 	 122.532 
153.443 	 0.96 	 144.871 
153.443 	 1.02 	 167.515 
153.443 	 1.08 	 192.452 
153.443 	 1.14 	 220.629 
153.443 	 1.2 	 251.659 

159.344 	 0 	 0.064667 
159.344 	 0.06 	 0.0418559 
159.344 	 0.12 	 0.180647 
159.344 	 0.18 	 1.485 
159.344 	 0.24 	 4.17892 
159.344 	 0.3 	 7.48507 
159.344 	 0.36 	 12.0514 
159.344 	 0.42 	 17.9809 
159.344 	 0.48 	 25.3073 
159.344 	 0.54 	 34.1785 
159.344 	 0.6 	 44.2987 
159.344 	 0.66 	 55.843 
159.344 	 0.72 	 69.2704 
159.344 	 0.78 	 84.7409 
159.344 	 0.84 	 102.401 
159.344 	 0.9 	 122.57 
159.344 	 0.96 	 145.301 
159.344 	 1.02 	 167.687 
159.344 	 1.08 	 192.619 
159.344 	 1.14 	 220.163 
159.344 	 1.2 	 251.26 

165.246 	 0 	 0.15266 
165.246 	 0.06 	 0.0777847 
165.246 	 0.12 	 0.16562 
165.246 	 0.18 	 1.35494 
165.246 	 0.24 	 3.98855 
165.246 	 0.3 	 7.55914 
165.246 	 0.36 	 12.1297 
165.246 	 0.42 	 17.969 
165.246 	 0.48 	 25.1227 
165.246 	 0.54 	 33.64 
165.246 	 0.6 	 43.6728 
165.246 	 0.66 	 55.3473 
165.246 	 0.72 	 69.0419 
165.246 	 0.78 	 85.0142 
165.246 	 0.84 	 103.083 
165.246 	 0.9 	 122.614 
165.246 	 0.96 	 144.368 
165.246 	 1.02 	 167.714 
165.246 	 1.08 	 192.318 
165.246 	 1.14 	 220 
165.246 	 1.2 	 251.226 

171.148 	 0 	 0.272353 
171.148 	 0.06 	 0.127435 
171.148 	 0.12 	 0.173903 
171.148 	 0.18 	 1.239 
171.148 	 0.24 	 3.68109 
171.148 	 0.3 	 7.44987 
171.148 	 0.36 	 11.9309 
171.148 	 0.42 	 17.7346 
171.148 	 0.48 	 24.9195 
171.148 	 0.54 	 33.5702 
171.148 	 0.6 	 43.8414 
171.148 	 0.66 	 55.825 
171.148 	 0.72 	 69.6896 
171.148 	 0.78 	 84.8658 
171.148 	 0.84 	 102.065 
171.148 	 0.9 	 121.734 
171.148 	 0.96 	 143.956 
171.148 	 1.02 	 167.591 
171.148 	 1.08 	 192.216 
171.148 	 1.14 	 220.142 
171.148 	 1.2 	 250.809 

177.049 	 0 	 0.435647 
177.049 	 0.06 	 0.182488 
177.049 	 0.12 	 0.20725 
177.049 	 0.18 	 1.14174 
177.049 	 0.24 	 3.40331 
177.049 	 0.3 	 7.01793 
177.049 	 0.36 	 12.1008 
177.049 	 0.42 	 17.9654 
177.049 	 0.48 	 25.1757 
177.049 	 0.54 	 33.6488 
177.049 	 0.6 	 43.5851 
177.049 	 0.66 	 55.1672 
177.049 	 0.72 	 68.5719 
177.049 	 0.78 	 84.2119 
177.049 	 0.84 	 101.857 
177.049 	 0.9 	 121.981 
177.049 	 0.96 	 144.638 
177.049 	 1.02 	 167.598 
177.049 	 1.08 	 192.371 
177.049 	 1.14 	 219.957 
177.049 	 1.2 	 250.597 

182.951 	 0 	 0.630797 
182.951 	 0.06 	 0.230053 
182.951 	 0.12 	 0.265138 
182.951 	 0.18 	 1.06735 
182.951 	 0.24 	 3.16619 
182.951 	 0.3 	 6.66864 
182.951 	 0.36 	 11.7211 
182.951 	 0.42 	 17.4217 
182.951 	 0.48 	 24.5289 
182.951 	 0.54 	 33.0372 
182.951 	 0.6 	 43.0978 
182.951 	 0.66 	 54.8575 
182.951 	 0.72 	 68.5741 
182.951 	 0.78 	 84.5226 
182.951 	 0.84 	 102.439 
182.951 	 0.9 	 121.69 
182.951 	 0.96 	 143.459 
182.951 	 1.02 	 167.734 
182.951 	 1.08 	 192.523 
182.951 	 1.14 	 219.837 
182.951 	 1.2 	 250.72 

188.852 	 0 	 0.873557 
188.852 	 0.06 	 0.29218 
188.852 	 0.12 	 0.345636 
188.852 	 0.18 	 1.01949 
188.852 	 0.24 	 2.98105 
188.852 	 0.3 	 6.43215 
188.852 	 0.36 	 11.3916 
188.852 	 0.42 	 17.541 
188.852 	 0.48 	 24.6733 
188.852 	 0.54 	 33.3023 
188.852 	 0.6 	 43.5703 
188.852 	 0.66 	 55.2443 
188.852 	 0.72 	 68.526 
188.852 	 0.78 	 83.9699 
188.852 	 0.84 	 101.296 
188.852 	 0.9 	 121.057 
188.852 	 0.96 	 143.339 
188.852 	 1.02 	 167.852 
188.852 	 1.08 	 192.294 
188.852 	 1.14 	 220.006 
188.852 	 1.2 	 250.731 

194.754 	 0 	 1.16051 
194.754 	 0.06 	 0.376411 
194.754 	 0.12 	 0.436002 
194.754 	 0.18 	 1.00134 
194.754 	 0.24 	 2.85929 
194.754 	 0.3 	 6.21755 
194.754 	 0.36 	 10.924 
194.754 	 0.42 	 17.0181 
194.754 	 0.48 	 24.044 
194.754 	 0.54 	 32.5108 
194.754 	 0.6 	 42.5036 
194.754 	 0.66 	 54.1678 
194.754 	 0.72 	 67.683 
194.754 	 0.78 	 83.385 
194.754 	 0.84 	 101.415 
194.754 	 0.9 	 121.664 
194.754 	 0.96 	 143.77 
194.754 	 1.02 	 167.656 
194.754 	 1.08 	 192.343 
194.754 	 1.14 	 220.311 
194.754 	 1.2 	 250.662 

200.656 	 0 	 1.48634 
200.656 	 0.06 	 0.472399 
200.656 	 0.12 	 0.534601 
200.656 	 0.18 	 1.01559 
200.656 	 0.24 	 2.81217 
200.656 	 0.3 	 5.86679 
200.656 	 0.36 	 10.669 
200.656 	 0.42 	 16.8912 
200.656 	 0.48 	 23.8342 
200.656 	 0.54 	 32.282 
200.656 	 0.6 	 42.3737 
200.656 	 0.66 	 54.2687 
200.656 	 0.72 	 68.0995 
200.656 	 0.78 	 84.0973 
200.656 	 0.84 	 101.358 
200.656 	 0.9 	 120.842 
200.656 	 0.96 	 142.81 
200.656 	 1.02 	 167.284 
200.656 	 1.08 	 192.772 
200.656 	 1.14 	 220.174 
200.656 	 1.2 	 250.918 

206.557 	 0 	 1.84409 
206.557 	 0.06 	 0.587814 
206.557 	 0.12 	 0.647734 
206.557 	 0.18 	 1.06451 
206.557 	 0.24 	 2.65258 
206.557 	 0.3 	 5.6425 
206.557 	 0.36 	 10.5874 
206.557 	 0.42 	 16.5295 
206.557 	 0.48 	 23.5172 
206.557 	 0.54 	 32.0286 
206.557 	 0.6 	 42.0496 
206.557 	 0.66 	 53.7377 
206.557 	 0.72 	 67.1768 
206.557 	 0.78 	 82.745 
206.557 	 0.84 	 100.631 
206.557 	 0.9 	 120.651 
206.557 	 0.96 	 143.164 
206.557 	 1.02 	 167.812 
206.557 	 1.08 	 192.588 
206.557 	 1.14 	 220.362 
206.557 	 1.2 	 251.35 

212.459 	 0 	 2.22545 
212.459 	 0.06 	 0.720621 
212.459 	 0.12 	 0.698318 
212.459 	 0.18 	 1.07341 
212.459 	 0.24 	 2.53329 
212.459 	 0.3 	 5.5682 
212.459 	 0.36 	 10.1413 
212.459 	 0.42 	 16.1781 
212.459 	 0.48 	 22.9664 
212.459 	 0.54 	 31.3324 
212.459 	 0.6 	 41.3399 
212.459 	 0.66 	 53.1652 
212.459 	 0.72 	 66.8699 
212.459 	 0.78 	 82.7963 
212.459 	 0.84 	 101.125 
212.459 	 0.9 	 121.3 
212.459 	 0.96 	 143.018 
212.459 	 1.02 	 167.209 
212.459 	 1.08 	 192.593 
212.459 	 1.14 	 220.983 
212.459 	 1.2 	 251.368 

218.361 	 0 	 2.62108 
218.361 	 0.06 	 0.865872 
218.361 	 0.12 	 0.745476 
218.361 	 0.18 	 1.08525 
218.361 	 0.24 	 2.48863 
218.361 	 0.3 	 5.50211 
218.361 	 0.36 	 9.9395 
218.361 	 0.42 	 15.9906 
218.361 	 0.48 	 22.9931 
218.361 	 0.54 	 31.5842 
218.361 	 0.6 	 41.7453 
218.361 	 0.66 	 53.5309 
218.361 	 0.72 	 67.0584 
218.361 	 0.78 	 82.5971 
218.361 	 0.84 	 100.433 
218.361 	 0.9 	 120.297 
218.361 	 0.96 	 142.618 
218.361 	 1.02 	 167.414 
218.361 	 1.08 	 193.123 
218.361 	 1.14 	 220.892 
218.361 	 1.2 	 251.747 

224.262 	 0 	 3.02097 
224.262 	 0.06 	 1.01814 
224.262 	 0.12 	 0.802974 
224.262 	 0.18 	 1.11913 
224.262 	 0.24 	 2.53095 
224.262 	 0.3 	 5.28239 
224.262 	 0.36 	 10.023 
224.262 	 0.42 	 15.4356 
224.262 	 0.48 	 22.1313 
224.262 	 0.54 	 30.4918 
224.262 	 0.6 	 40.5036 
224.262 	 0.66 	 52.3067 
224.262 	 0.72 	 66.0465 
224.262 	 0.78 	 81.9193 
224.262 	 0.84 	 100.166 
224.262 	 0.9 	 120.765 
224.262 	 0.96 	 143.565 
224.262 	 1.02 	 167.881 
224.262 	 1.08 	 193.041 
224.262 	 1.14 	 221.154 
224.262 	 1.2 	 252.485 

230.164 	 0 	 3.41483 
230.164 	 0.06 	 1.17181 
230.164 	 0.12 	 0.829854 
230.164 	 0.18 	 1.17869 
230.164 	 0.24 	 2.51135 
230.164 	 0.3 	 5.23169 
230.164 	 0.36 	 9.76735 
230.164 	 0.42 	 15.4571 
230.164 	 0.48 	 22.1587 
230.164 	 0.54 	 30.4325 
230.164 	 0.6 	 40.4778 
230.164 	 0.66 	 52.4344 
230.164 	 0.72 	 66.4677 
230.164 	 0.78 	 82.7198 
230.164 	 0.84 	 100.813 
230.164 	 0.9 	 120.584 
230.164 	 0.96 	 142.762 
230.164 	 1.02 	 167.383 
230.164 	 1.08 	 193.14 
230.164 	 1.14 	 221.978 
230.164 	 1.2 	 252.57 

236.066 	 0 	 3.77159 
236.066 	 0.06 	 1.32135 
236.066 	 0.12 	 0.8536 
236.066 	 0.18 	 1.25795 
236.066 	 0.24 	 2.43806 
236.066 	 0.3 	 5.37732 
236.066 	 0.36 	 9.64484 
236.066 	 0.42 	 14.7169 
236.066 	 0.48 	 21.3919 
236.066 	 0.54 	 29.7808 
236.066 	 0.6 	 39.8968 
236.066 	 0.66 	 51.814 
236.066 	 0.72 	 65.658 
236.066 	 0.78 	 81.5569 
236.066 	 0.84 	 99.7874 
236.066 	 0.9 	 120.345 
236.066 	 0.96 	 143.125 
236.066 	 1.02 	 167.659 
236.066 	 1.08 	 193.953 
236.066 	 1.14 	 221.906 
236.066 	 1.2 	 253.117 

241.967 	 0 	 4.05063 
241.967 	 0.06 	 1.46162 
241.967 	 0.12 	 0.87562 
241.967 	 0.18 	 1.29934 
241.967 	 0.24 	 2.46182 
241.967 	 0.3 	 5.18873 
241.967 	 0.36 	 9.4819 
241.967 	 0.42 	 14.6757 
241.967 	 0.48 	 21.1399 
241.967 	 0.54 	 29.3879 
241.967 	 0.6 	 39.4195 
241.967 	 0.66 	 51.4047 
241.967 	 0.72 	 65.4812 
241.967 	 0.78 	 81.7352 
241.967 	 0.84 	 100.407 
241.967 	 0.9 	 121.412 
241.967 	 0.96 	 143.569 
241.967 	 1.02 	 168.041 
241.967 	 1.08 	 193.692 
241.967 	 1.14 	 222.358 
241.967 	 1.2 	 253.949 

247.869 	 0 	 4.28158 
247.869 	 0.06 	 1.58806 
247.869 	 0.12 	 0.894063 
247.869 	 0.18 	 1.28861 
247.869 	 0.24 	 2.59103 
247.869 	 0.3 	 5.17986 
247.869 	 0.36 	 9.04357 
247.869 	 0.42 	 14.0913 
247.869 	 0.48 	 20.8251 
247.869 	 0.54 	 29.3283 
247.869 	 0.6 	 39.628 
247.869 	 0.66 	 51.7306 
247.869 	 0.72 	 65.7436 
247.869 	 0.78 	 81.7314 
247.869 	 0.84 	 99.997 
247.869 	 0.9 	 120.541 
247.869 	 0.96 	 143.262 
247.869 	 1.02 	 167.896 
247.869 	 1.08 	 194.097 
247.869 	 1.14 	 223.163 
247.869 	 1.2 	 254.157 

253.77 	 0 	 4.4567 
253.77 	 0.06 	 1.69691 
253.77 	 0.12 	 0.907603 
253.77 	 0.18 	 1.31376 
253.77 	 0.24 	 2.48565 
253.77 	 0.3 	 5.26107 
253.77 	 0.36 	 9.081 
253.77 	 0.42 	 13.856 
253.77 	 0.48 	 20.3026 
253.77 	 0.54 	 28.578 
253.77 	 0.6 	 38.705 
253.77 	 0.66 	 50.7942 
253.77 	 0.72 	 64.9727 
253.77 	 0.78 	 81.283 
253.77 	 0.84 	 99.9808 
253.77 	 0.9 	 121.122 
253.77 	 0.96 	 144.257 
253.77 	 1.02 	 168.176 
253.77 	 1.08 	 194.697 
253.77 	 1.14 	 223.217 
253.77 	 1.2 	 254.958 

259.672 	 0 	 4.5769 
259.672 	 0.06 	 1.77101 
259.672 	 0.12 	 0.915515 
259.672 	 0.18 	 1.28555 
259.672 	 0.24 	 2.50508 
259.672 	 0.3 	 5.14271 
259.672 	 0.36 	 8.53296 
259.672 	 0.42 	 13.6375 
259.672 	 0.48 	 20.5136 
259.672 	 0.54 	 28.869 
259.672 	 0.6 	 39.0196 
259.672 	 0.66 	 51.2453 
259.672 	 0.72 	 65.6967 
259.672 	 0.78 	 82.3403 
259.672 	 0.84 	 100.804 
259.672 	 0.9 	 121.343 
259.672 	 0.96 	 144.007 
259.672 	 1.02 	 168.535 
259.672 	 1.08 	 194.66 
259.672 	 1.14 	 224.028 
259.672 	 1.2 	 255.635 

265.574 	 0 	 4.63079 
265.574 	 0.06 	 1.81808 
265.574 	 0.12 	 0.914443 
265.574 	 0.18 	 1.22888 
265.574 	 0.24 	 2.6566 
265.574 	 0.3 	 4.93328 
265.574 	 0.36 	 8.45091 
265.574 	 0.42 	 13.2066 
265.574 	 0.48 	 19.724 
265.574 	 0.54 	 28.1156 
265.574 	 0.6 	 38.4051 
265.574 	 0.66 	 50.6563 
265.574 	 0.72 	 64.9789 
265.574 	 0.78 	 81.3815 
265.574 	 0.84 	 100.131 
265.574 	 0.9 	 121.334 
265.574 	 0.96 	 144.494 
265.574 	 1.02 	 168.507 
265.574 	 1.08 	 195.52 
265.574 	 1.14 	 224.467 
265.574 	 1.2 	 256.082 

271.475 	 0 	 4.6269 
271.475 	 0.06 	 1.84037 
271.475 	 0.12 	 0.897696 
271.475 	 0.18 	 1.21538 
271.475 	 0.24 	 2.48977 
271.475 	 0.3 	 4.73393 
271.475 	 0.36 	 8.18081 
271.475 	 0.42 	 13.4162 
271.475 	 0.48 	 19.7724 
271.475 	 0.54 	 28.0554 
271.475 	 0.6 	 38.2804 
271.475 	 0.66 	 50.5994 
271.475 	 0.72 	 65.1394 
271.475 	 0.78 	 81.8925 
271.475 	 0.84 	 100.979 
271.475 	 0.9 	 122.412 
271.475 	 0.96 	 144.658 
271.475 	 1.02 	 169.319 
271.475 	 1.08 	 195.582 
271.475 	 1.14 	 224.872 
271.475 	 1.2 	 257.26 

277.377 	 0 	 4.55744 
277.377 	 0.06 	 1.83847 
277.377 	 0.12 	 0.873336 
277.377 	 0.18 	 1.17149 
277.377 	 0.24 	 2.40077 
277.377 	 0.3 	 4.73609 
277.377 	 0.36 	 7.95111 
277.377 	 0.42 	 12.8039 
277.377 	 0.48 	 19.4819 
277.377 	 0.54 	 28.0716 
277.377 	 0.6 	 38.5855 
277.377 	 0.66 	 51.043 
277.377 	 0.72 	 65.535 
277.377 	 0.78 	 82.0503 
277.377 	 0.84 	 100.861 
277.377 	 0.9 	 122.063 
277.377 	 0.96 	 145.179 
277.377 	 1.02 	 169.052 
277.377 	 1.08 	 196.036 
277.377 	 1.14 	 226.019 
277.377 	 1.2 	 257.528 

283.279 	 0 	 4.43414 
283.279 	 0.06 	 1.79293 
283.279 	 0.12 	 0.851578 
283.279 	 0.18 	 1.13938 
283.279 	 0.24 	 2.33804 
283.279 	 0.3 	 4.45146 
283.279 	 0.36 	 8.05833 
283.279 	 0.42 	 12.7755 
283.279 	 0.48 	 19.2241 
283.279 	 0.54 	 27.6354 
283.279 	 0.6 	 37.9981 
283.279 	 0.66 	 50.4497 
283.279 	 0.72 	 65.0969 
283.279 	 0.78 	 81.9327 
283.279 	 0.84 	 101.141 
283.279 	 0.9 	 122.621 
283.279 	 0.96 	 144.792 
283.279 	 1.02 	 169.459 
283.279 	 1.08 	 196.792 
283.279 	 1.14 	 226.01 
283.279 	 1.2 	 258.329 

289.18 	 0 	 4.25873 
289.18 	 0.06 	 1.72546 
289.18 	 0.12 	 0.834825 
289.18 	 0.18 	 1.14132 
289.18 	 0.24 	 2.20913 
289.18 	 0.3 	 4.42631 
289.18 	 0.36 	 7.67376 
289.18 	 0.42 	 12.724 
289.18 	 0.48 	 19.6518 
289.18 	 0.54 	 28.1157 
289.18 	 0.6 	 38.5595 
289.18 	 0.66 	 51.1618 
289.18 	 0.72 	 65.9758 
289.18 	 0.78 	 82.9366 
289.18 	 0.84 	 102.177 
289.18 	 0.9 	 123.32 
289.18 	 0.96 	 145.692 
289.18 	 1.02 	 169.874 
289.18 	 1.08 	 196.816 
289.18 	 1.14 	 226.781 
289.18 	 1.2 	 259.207 

295.082 	 0 	 4.03526 
295.082 	 0.06 	 1.64096 
295.082 	 0.12 	 0.808342 
295.082 	 0.18 	 1.12845 
295.082 	 0.24 	 2.19833 
295.082 	 0.3 	 4.35911 
295.082 	 0.36 	 7.67641 
295.082 	 0.42 	 12.4423 
295.082 	 0.48 	 19.0688 
295.082 	 0.54 	 27.6758 
295.082 	 0.6 	 38.2289 
295.082 	 0.66 	 50.8406 
295.082 	 0.72 	 65.5975 
295.082 	 0.78 	 82.5105 
295.082 	 0.84 	 101.786 
295.082 	 0.9 	 123.121 
295.082 	 0.96 	 145.204 
295.082 	 1.02 	 169.852 
295.082 	 1.08 	 197.625 
295.082 	 1.14 	 227.362 
295.082 	 1.2 	 259.616 

300.984 	 0 	 3.77554 
300.984 	 0.06 	 1.53135 
300.984 	 0.12 	 0.782271 
300.984 	 0.18 	 1.0918 
300.984 	 0.24 	 2.17455 
300.984 	 0.3 	 4.20952 
300.984 	 0.36 	 7.69231 
300.984 	 0.42 	 12.7092 
300.984 	 0.48 	 19.2215 
300.984 	 0.54 	 27.7101 
300.984 	 0.6 	 38.2657 
300.984 	 0.66 	 50.9639 
300.984 	 0.72 	 65.9146 
300.984 	 0.78 	 83.0295 
300.984 	 0.84 	 102.486 
300.984 	 0.9 	 123.263 
300.984 	 0.96 	 145.645 
300.984 	 1.02 	 170.914 
300.984 	 1.08 	 197.795 
300.984 	 1.14 	 227.807 
300.984 	 1.2 	 260.804 

306.885 	 0 	 3.48779 
306.885 	 0.06 	 1.40391 
306.885 	 0.12 	 0.754578 
306.885 	 0.18 	 1.07746 
306.885 	 0.24 	 2.09971 
306.885 	 0.3 	 4.27636 
306.885 	 0.36 	 7.49056 
306.885 	 0.42 	 12.4919 
306.885 	 0.48 	 19.3791 
306.885 	 0.54 	 28.2435 
306.885 	 0.6 	 39.0324 
306.885 	 0.66 	 51.8213 
306.885 	 0.72 	 66.6802 
306.885 	 0.78 	 83.6529 
306.885 	 0.84 	 102.938 
306.885 	 0.9 	 123.786 
306.885 	 0.96 	 145.861 
306.885 	 1.02 	 170.451 
306.885 	 1.08 	 198.175 
306.885 	 1.14 	 228.854 
306.885 	 1.2 	 261.042 

312.787 	 0 	 3.14587 
312.787 	 0.06 	 1.2389 
312.787 	 0.12 	 0.731153 
312.787 	 0.18 	 1.08377 
312.787 	 0.24 	 2.11999 
312.787 	 0.3 	 4.24869 
312.787 	 0.36 	 7.633 
312.787 	 0.42 	 12.4456 
312.787 	 0.48 	 19.1382 
312.787 	 0.54 	 27.7938 
312.787 	 0.6 	 38.4927 
312.787 	 0.66 	 51.3009 
312.787 	 0.72 	 66.3121 
312.787 	 0.78 	 83.5516 
312.787 	 0.84 	 103.064 
312.787 	 0.9 	 123.401 
312.787 	 0.96 	 145.805 
312.787 	 1.02 	 171.207 
312.787 	 1.08 	 198.917 
312.787 	 1.14 	 228.861 
312.787 	 1.2 	 261.811 

318.689 	 0 	 2.79641 
318.689 	 0.06 	 1.07232 
318.689 	 0.12 	 0.713605 
318.689 	 0.18 	 1.115 
318.689 	 0.24 	 2.22068 
318.689 	 0.3 	 4.15691 
318.689 	 0.36 	 7.66687 
318.689 	 0.42 	 12.8872 
318.689 	 0.48 	 19.5519 
318.689 	 0.54 	 28.1847 
318.689 	 0.6 	 38.9448 
318.689 	 0.66 	 51.8953 
318.689 	 0.72 	 66.909 
318.689 	 0.78 	 84.2471 
318.689 	 0.84 	 103.674 
318.689 	 0.9 	 124.065 
318.689 	 0.96 	 146.73 
318.689 	 1.02 	 171.212 
318.689 	 1.08 	 198.851 
318.689 	 1.14 	 229.531 
318.689 	 1.2 	 262.534 

324.59 	 0 	 2.46213 
324.59 	 0.06 	 0.91853 
324.59 	 0.12 	 0.703284 
324.59 	 0.18 	 1.11392 
324.59 	 0.24 	 2.15448 
324.59 	 0.3 	 4.25027 
324.59 	 0.36 	 7.55731 
324.59 	 0.42 	 12.6235 
324.59 	 0.48 	 19.5686 
324.59 	 0.54 	 28.4399 
324.59 	 0.6 	 39.3057 
324.59 	 0.66 	 52.2295 
324.59 	 0.72 	 67.2518 
324.59 	 0.78 	 84.526 
324.59 	 0.84 	 103.9 
324.59 	 0.9 	 123.811 
324.59 	 0.96 	 146.149 
324.59 	 1.02 	 171.454 
324.59 	 1.08 	 199.846 
324.59 	 1.14 	 229.979 
324.59 	 1.2 	 262.867 

330.492 	 0 	 2.13434 
330.492 	 0.06 	 0.79218 
330.492 	 0.12 	 0.688598 
330.492 	 0.18 	 1.11562 
330.492 	 0.24 	 2.16234 
330.492 	 0.3 	 4.36672 
330.492 	 0.36 	 7.74754 
330.492 	 0.42 	 12.694 
330.492 	 0.48 	 19.5084 
330.492 	 0.54 	 28.2703 
330.492 	 0.6 	 39.1059 
330.492 	 0.66 	 52.1428 
330.492 	 0.72 	 67.272 
330.492 	 0.78 	 84.6291 
330.492 	 0.84 	 103.628 
330.492 	 0.9 	 123.981 
330.492 	 0.96 	 146.84 
330.492 	 1.02 	 172.185 
330.492 	 1.08 	 199.605 
330.492 	 1.14 	 230.19 
330.492 	 1.2 	 263.71 

336.393 	 0 	 1.82711 
336.393 	 0.06 	 0.672985 
336.393 	 0.12 	 0.6909 
336.393 	 0.18 	 1.11265 
336.393 	 0.24 	 2.24686 
336.393 	 0.3 	 4.2744 
336.393 	 0.36 	 7.91522 
336.393 	 0.42 	 13.193 
336.393 	 0.48 	 20.0048 
336.393 	 0.54 	 28.8401 
336.393 	 0.6 	 39.7407 
336.393 	 0.66 	 52.7571 
336.393 	 0.72 	 67.919 
336.393 	 0.78 	 85.6217 
336.393 	 0.84 	 104.656 
336.393 	 0.9 	 124.488 
336.393 	 0.96 	 146.656 
336.393 	 1.02 	 171.802 
336.393 	 1.08 	 200.073 
336.393 	 1.14 	 231.105 
336.393 	 1.2 	 263.813 

342.295 	 0 	 1.53749 
342.295 	 0.06 	 0.593695 
342.295 	 0.12 	 0.686539 
342.295 	 0.18 	 1.13615 
342.295 	 0.24 	 2.37215 
342.295 	 0.3 	 4.33825 
342.295 	 0.36 	 7.81309 
342.295 	 0.42 	 13.0086 
342.295 	 0.48 	 20.033 
342.295 	 0.54 	 28.9622 
342.295 	 0.6 	 39.8821 
342.295 	 0.66 	 52.9119 
342.295 	 0.72 	 68.0746 
342.295 	 0.78 	 85.468 
342.295 	 0.84 	 103.897 
342.295 	 0.9 	 124.103 
342.295 	 0.96 	 146.774 
342.295 	 1.02 	 172.615 
342.295 	 1.08 	 200.491 
342.295 	 1.14 	 230.849 
342.295 	 1.2 	 264.276 

348.197 	 0 	 1.28168 
348.197 	 0.06 	 0.545497 
348.197 	 0.12 	 0.688838 
348.197 	 0.18 	 1.18182 
348.197 	 0.24 	 2.32092 
348.197 	 0.3 	 4.55634 
348.197 	 0.36 	 7.97211 
348.197 	 0.42 	 13.0886 
348.197 	 0.48 	 20.0031 
348.197 	 0.54 	 28.8937 
348.197 	 0.6 	 39.8517 
348.197 	 0.66 	 52.9572 
348.197 	 0.72 	 68.1528 
348.197 	 0.78 	 85.6802 
348.197 	 0.84 	 104.359 
348.197 	 0.9 	 124.743 
348.197 	 0.96 	 147.31 
348.197 	 1.02 	 172.229 
348.197 	 1.08 	 200.324 
348.197 	 1.14 	 231.459 
348.197 	 1.2 	 264.801 

354.098 	 0 	 1.05778 
354.098 	 0.06 	 0.51432 
354.098 	 0.12 	 0.69948 
354.098 	 0.18 	 1.24645 
354.098 	 0.24 	 2.33298 
354.098 	 0.3 	 4.5651 
354.098 	 0.36 	 8.38295 
354.098 	 0.42 	 13.5231 
354.098 	 0.48 	 20.4946 
354.098 	 0.54 	 29.4587 
354.098 	 0.6 	 40.5112 
354.098 	 0.66 	 53.5538 
354.098 	 0.72 	 68.9069 
354.098 	 0.78 	 86.7773 
354.098 	 0.84 	 104.507 
354.098 	 0.9 	 124.435 
354.098 	 0.96 	 146.844 
354.098 	 1.02 	 172.461 
354.098 	 1.08 	 201.187 
354.098 	 1.14 	 231.466 
354.098 	 1.2 	 264.774 

360 	 0 	 0.869953 
360 	 0.06 	 0.495392 
360 	 0.12 	 0.718107 
360 	 0.18 	 1.27659 
360 	 0.24 	 2.39802 
360 	 0.3 	 4.55665 
360 	 0.36 	 8.22775 
360 	 0.42 	 13.5676 
360 	 0.48 	 20.6417 
360 	 0.54 	 29.6091 
360 	 0.6 	 40.5719 
360 	 0.66 	 53.6052 
360 	 0.72 	 68.8305 
360 	 0.78 	 86.2342 
360 	 0.84 	 104.31 
360 	 0.9 	 124.473 
360 	 0.96 	 147.487 
360 	 1.02 	 172.717 
360 	 1.08 	 200.578 
360 	 1.14 	 231.538 
360 	 1.2 	 265.437 

