0 	 0 	 2.11291 
0 	 0.1 	 0.568175 
0 	 0.2 	 0.139248 
0 	 0.3 	 0.410806 
0 	 0.4 	 2.23447 
0 	 0.5 	 5.20301 
0 	 0.6 	 8.99147 
0 	 0.7 	 13.4188 
0 	 0.8 	 18.2765 
0 	 0.9 	 23.4949 
0 	 1 	 27.4724 
0 	 1.1 	 19.4973 
0 	 1.2 	 12.9849 
0 	 1.3 	 9.31654 
0 	 1.4 	 8.03461 
0 	 1.5 	 10.1441 
0 	 1.6 	 13.5725 
0 	 1.7 	 19.8406 
0 	 1.8 	 29.3015 
0 	 1.9 	 42.0236 
0 	 2 	 57.5609 

5.37313 	 0 	 2.51546 
5.37313 	 0.1 	 0.772783 
5.37313 	 0.2 	 0.143528 
5.37313 	 0.3 	 0.301509 
5.37313 	 0.4 	 1.75336 
5.37313 	 0.5 	 4.46965 
5.37313 	 0.6 	 8.27094 
5.37313 	 0.7 	 12.8234 
5.37313 	 0.8 	 17.4678 
5.37313 	 0.9 	 22.5107 
5.37313 	 1 	 27.2455 
5.37313 	 1.1 	 19.8487 
5.37313 	 1.2 	 13.2137 
5.37313 	 1.3 	 8.88767 
5.37313 	 1.4 	 8.26295 
5.37313 	 1.5 	 10.6909 
5.37313 	 1.6 	 14.3082 
5.37313 	 1.7 	 19.9881 
5.37313 	 1.8 	 29.2243 
5.37313 	 1.9 	 41.8054 
5.37313 	 2 	 57.5932 

10.7463 	 0 	 2.95522 
10.7463 	 0.1 	 1.0056 
10.7463 	 0.2 	 0.182771 
10.7463 	 0.3 	 0.185758 
10.7463 	 0.4 	 1.4185 
10.7463 	 0.5 	 3.93904 
10.7463 	 0.6 	 7.44683 
10.7463 	 0.7 	 11.7936 
10.7463 	 0.8 	 16.9464 
10.7463 	 0.9 	 21.7105 
10.7463 	 1 	 26.5677 
10.7463 	 1.1 	 19.9691 
10.7463 	 1.2 	 13.1994 
10.7463 	 1.3 	 9.48639 
10.7463 	 1.4 	 8.15998 
10.7463 	 1.5 	 10.2848 
10.7463 	 1.6 	 13.7033 
10.7463 	 1.7 	 19.9479 
10.7463 	 1.8 	 29.4683 
10.7463 	 1.9 	 42.4108 
10.7463 	 2 	 58.2733 

16.1194 	 0 	 3.42627 
16.1194 	 0.1 	 1.27216 
16.1194 	 0.2 	 0.254354 
16.1194 	 0.3 	 0.152795 
16.1194 	 0.4 	 1.11734 
16.1194 	 0.5 	 3.41761 
16.1194 	 0.6 	 6.89182 
16.1194 	 0.7 	 10.9982 
16.1194 	 0.8 	 15.7293 
16.1194 	 0.9 	 21.1827 
16.1194 	 1 	 25.9421 
16.1194 	 1.1 	 20.4465 
16.1194 	 1.2 	 13.6052 
16.1194 	 1.3 	 9.03904 
16.1194 	 1.4 	 8.23715 
16.1194 	 1.5 	 10.5631 
16.1194 	 1.6 	 14.2076 
16.1194 	 1.7 	 20.4611 
16.1194 	 1.8 	 29.8062 
16.1194 	 1.9 	 42.4525 
16.1194 	 2 	 58.3962 

21.4925 	 0 	 3.92133 
21.4925 	 0.1 	 1.57298 
21.4925 	 0.2 	 0.356598 
21.4925 	 0.3 	 0.148511 
21.4925 	 0.4 	 0.805689 
21.4925 	 0.5 	 2.83375 
21.4925 	 0.6 	 6.03308 
21.4925 	 0.7 	 10.2542 
21.4925 	 0.8 	 14.8376 
21.4925 	 0.9 	 19.9268 
21.4925 	 1 	 25.3489 
21.4925 	 1.1 	 20.7483 
21.4925 	 1.2 	 13.6241 
21.4925 	 1.3 	 9.56632 
21.4925 	 1.4 	 8.31122 
21.4925 	 1.5 	 10.4205 
21.4925 	 1.6 	 13.8329 
21.4925 	 1.7 	 19.9801 
21.4925 	 1.8 	 29.508 
21.4925 	 1.9 	 42.4304 
21.4925 	 2 	 58.3719 

26.8657 	 0 	 4.43182 
26.8657 	 0.1 	 1.88706 
26.8657 	 0.2 	 0.493217 
26.8657 	 0.3 	 0.174328 
26.8657 	 0.4 	 0.6826 
26.8657 	 0.5 	 2.50683 
26.8657 	 0.6 	 5.3677 
26.8657 	 0.7 	 9.24287 
26.8657 	 0.8 	 14.0671 
26.8657 	 0.9 	 18.9447 
26.8657 	 1 	 24.1475 
26.8657 	 1.1 	 21.3273 
26.8657 	 1.2 	 14.2246 
26.8657 	 1.3 	 9.31385 
26.8657 	 1.4 	 8.23809 
26.8657 	 1.5 	 10.4445 
26.8657 	 1.6 	 13.9492 
26.8657 	 1.7 	 20.4308 
26.8657 	 1.8 	 30.0955 
26.8657 	 1.9 	 42.9177 
26.8657 	 2 	 58.9279 

32.2388 	 0 	 4.94789 
32.2388 	 0.1 	 2.22959 
32.2388 	 0.2 	 0.658893 
32.2388 	 0.3 	 0.196726 
32.2388 	 0.4 	 0.416889 
32.2388 	 0.5 	 1.94992 
32.2388 	 0.6 	 4.8135 
32.2388 	 0.7 	 8.52398 
32.2388 	 0.8 	 12.8517 
32.2388 	 0.9 	 18.2136 
32.2388 	 1 	 23.1871 
32.2388 	 1.1 	 21.8642 
32.2388 	 1.2 	 14.2874 
32.2388 	 1.3 	 9.77643 
32.2388 	 1.4 	 8.49133 
32.2388 	 1.5 	 10.5419 
32.2388 	 1.6 	 13.963 
32.2388 	 1.7 	 19.9382 
32.2388 	 1.8 	 29.4202 
32.2388 	 1.9 	 42.2639 
32.2388 	 2 	 58.2471 

37.6119 	 0 	 5.45912 
37.6119 	 0.1 	 2.57651 
37.6119 	 0.2 	 0.841579 
37.6119 	 0.3 	 0.200091 
37.6119 	 0.4 	 0.339824 
37.6119 	 0.5 	 1.6258 
37.6119 	 0.6 	 4.06746 
37.6119 	 0.7 	 7.66302 
37.6119 	 0.8 	 12.1258 
37.6119 	 0.9 	 16.8226 
37.6119 	 1 	 22.4201 
37.6119 	 1.1 	 22.5508 
37.6119 	 1.2 	 15.0468 
37.6119 	 1.3 	 9.72756 
37.6119 	 1.4 	 8.28154 
37.6119 	 1.5 	 10.3444 
37.6119 	 1.6 	 13.706 
37.6119 	 1.7 	 19.9261 
37.6119 	 1.8 	 29.4394 
37.6119 	 1.9 	 42.3772 
37.6119 	 2 	 58.2468 

42.9851 	 0 	 5.95467 
42.9851 	 0.1 	 2.92922 
42.9851 	 0.2 	 1.05428 
42.9851 	 0.3 	 0.239949 
42.9851 	 0.4 	 0.24089 
42.9851 	 0.5 	 1.312 
42.9851 	 0.6 	 3.71038 
42.9851 	 0.7 	 6.8678 
42.9851 	 0.8 	 11.0579 
42.9851 	 0.9 	 15.9523 
42.9851 	 1 	 20.9793 
42.9851 	 1.1 	 23.3422 
42.9851 	 1.2 	 15.217 
42.9851 	 1.3 	 10.1451 
42.9851 	 1.4 	 8.70836 
42.9851 	 1.5 	 10.6378 
42.9851 	 1.6 	 14.1005 
42.9851 	 1.7 	 19.8304 
42.9851 	 1.8 	 29.213 
42.9851 	 1.9 	 41.9193 
42.9851 	 2 	 57.9062 

48.3582 	 0 	 6.4236 
48.3582 	 0.1 	 3.28372 
48.3582 	 0.2 	 1.2639 
48.3582 	 0.3 	 0.29857 
48.3582 	 0.4 	 0.201186 
48.3582 	 0.5 	 0.990902 
48.3582 	 0.6 	 3.02641 
48.3582 	 0.7 	 6.33583 
48.3582 	 0.8 	 10.127 
48.3582 	 0.9 	 14.8858 
48.3582 	 1 	 20.019 
48.3582 	 1.1 	 24.158 
48.3582 	 1.2 	 16.0725 
48.3582 	 1.3 	 10.2977 
48.3582 	 1.4 	 8.38773 
48.3582 	 1.5 	 10.2508 
48.3582 	 1.6 	 13.4983 
48.3582 	 1.7 	 19.3696 
48.3582 	 1.8 	 28.6833 
48.3582 	 1.9 	 41.4018 
48.3582 	 2 	 57.2 

53.7313 	 0 	 6.85528 
53.7313 	 0.1 	 3.6132 
53.7313 	 0.2 	 1.48939 
53.7313 	 0.3 	 0.38898 
53.7313 	 0.4 	 0.202079 
53.7313 	 0.5 	 0.880912 
53.7313 	 0.6 	 2.64515 
53.7313 	 0.7 	 5.4806 
53.7313 	 0.8 	 9.51616 
53.7313 	 0.9 	 13.7367 
53.7313 	 1 	 18.9478 
53.7313 	 1.1 	 24.1678 
53.7313 	 1.2 	 16.4111 
53.7313 	 1.3 	 10.7013 
53.7313 	 1.4 	 8.8466 
53.7313 	 1.5 	 10.673 
53.7313 	 1.6 	 13.8887 
53.7313 	 1.7 	 19.6719 
53.7313 	 1.8 	 28.9029 
53.7313 	 1.9 	 41.4142 
53.7313 	 2 	 57.25 

59.1045 	 0 	 7.23977 
59.1045 	 0.1 	 3.93322 
59.1045 	 0.2 	 1.71325 
59.1045 	 0.3 	 0.4814 
59.1045 	 0.4 	 0.227851 
59.1045 	 0.5 	 0.588986 
59.1045 	 0.6 	 2.25788 
59.1045 	 0.7 	 5.00412 
59.1045 	 0.8 	 8.41032 
59.1045 	 0.9 	 13.1963 
59.1045 	 1 	 17.6397 
59.1045 	 1.1 	 22.9492 
59.1045 	 1.2 	 17.3517 
59.1045 	 1.3 	 11.0428 
59.1045 	 1.4 	 8.5802 
59.1045 	 1.5 	 10.1572 
59.1045 	 1.6 	 13.3506 
59.1045 	 1.7 	 18.7972 
59.1045 	 1.8 	 27.8559 
59.1045 	 1.9 	 40.2948 
59.1045 	 2 	 55.982 

64.4776 	 0 	 7.56817 
64.4776 	 0.1 	 4.22723 
64.4776 	 0.2 	 1.92315 
64.4776 	 0.3 	 0.593793 
64.4776 	 0.4 	 0.258975 
64.4776 	 0.5 	 0.586109 
64.4776 	 0.6 	 1.84772 
64.4776 	 0.7 	 4.35484 
64.4776 	 0.8 	 7.92794 
64.4776 	 0.9 	 11.8045 
64.4776 	 1 	 17.0486 
64.4776 	 1.1 	 21.6508 
64.4776 	 1.2 	 17.8456 
64.4776 	 1.3 	 11.4727 
64.4776 	 1.4 	 8.93752 
64.4776 	 1.5 	 10.3688 
64.4776 	 1.6 	 13.4054 
64.4776 	 1.7 	 18.8109 
64.4776 	 1.8 	 27.673 
64.4776 	 1.9 	 39.9718 
64.4776 	 2 	 55.3778 

69.8507 	 0 	 7.83299 
69.8507 	 0.1 	 4.46674 
69.8507 	 0.2 	 2.13532 
69.8507 	 0.3 	 0.703369 
69.8507 	 0.4 	 0.258832 
69.8507 	 0.5 	 0.386084 
69.8507 	 0.6 	 1.71768 
69.8507 	 0.7 	 3.85256 
69.8507 	 0.8 	 7.00823 
69.8507 	 0.9 	 11.1897 
69.8507 	 1 	 15.5391 
69.8507 	 1.1 	 21.0087 
69.8507 	 1.2 	 18.8937 
69.8507 	 1.3 	 11.9807 
69.8507 	 1.4 	 8.88425 
69.8507 	 1.5 	 10.0646 
69.8507 	 1.6 	 13.2544 
69.8507 	 1.7 	 18.2411 
69.8507 	 1.8 	 26.9923 
69.8507 	 1.9 	 39.0941 
69.8507 	 2 	 54.5927 

75.2239 	 0 	 8.02842 
75.2239 	 0.1 	 4.68361 
75.2239 	 0.2 	 2.30373 
75.2239 	 0.3 	 0.810644 
75.2239 	 0.4 	 0.29464 
75.2239 	 0.5 	 0.363118 
75.2239 	 0.6 	 1.29731 
75.2239 	 0.7 	 3.51755 
75.2239 	 0.8 	 6.46907 
75.2239 	 0.9 	 10.1944 
75.2239 	 1 	 14.7366 
75.2239 	 1.1 	 19.4007 
75.2239 	 1.2 	 19.595 
75.2239 	 1.3 	 12.4836 
75.2239 	 1.4 	 9.18374 
75.2239 	 1.5 	 10.0968 
75.2239 	 1.6 	 13.0389 
75.2239 	 1.7 	 17.8735 
75.2239 	 1.8 	 26.3363 
75.2239 	 1.9 	 38.2281 
75.2239 	 2 	 53.4166 

80.597 	 0 	 8.15057 
80.597 	 0.1 	 4.83933 
80.597 	 0.2 	 2.45545 
80.597 	 0.3 	 0.918868 
80.597 	 0.4 	 0.29914 
80.597 	 0.5 	 0.294413 
80.597 	 0.6 	 1.32549 
80.597 	 0.7 	 2.98891 
80.597 	 0.8 	 5.93309 
80.597 	 0.9 	 9.44109 
80.597 	 1 	 13.7594 
80.597 	 1.1 	 18.5041 
80.597 	 1.2 	 20.7026 
80.597 	 1.3 	 13.1199 
80.597 	 1.4 	 9.3251 
80.597 	 1.5 	 9.92447 
80.597 	 1.6 	 13.1365 
80.597 	 1.7 	 17.737 
80.597 	 1.8 	 26.1327 
80.597 	 1.9 	 37.8441 
80.597 	 2 	 53.0288 

85.9701 	 0 	 8.19757 
85.9701 	 0.1 	 4.9505 
85.9701 	 0.2 	 2.57581 
85.9701 	 0.3 	 1.00014 
85.9701 	 0.4 	 0.32929 
85.9701 	 0.5 	 0.262004 
85.9701 	 0.6 	 0.957236 
85.9701 	 0.7 	 2.9155 
85.9701 	 0.8 	 5.32358 
85.9701 	 0.9 	 8.92654 
85.9701 	 1 	 12.7736 
85.9701 	 1.1 	 17.4605 
85.9701 	 1.2 	 21.6652 
85.9701 	 1.3 	 13.7521 
85.9701 	 1.4 	 9.61446 
85.9701 	 1.5 	 9.81623 
85.9701 	 1.6 	 12.7229 
85.9701 	 1.7 	 17.0394 
85.9701 	 1.8 	 25.0547 
85.9701 	 1.9 	 36.4866 
85.9701 	 2 	 51.3751 

91.3433 	 0 	 8.16963 
91.3433 	 0.1 	 5.01033 
91.3433 	 0.2 	 2.65479 
91.3433 	 0.3 	 1.08627 
91.3433 	 0.4 	 0.364812 
91.3433 	 0.5 	 0.260241 
91.3433 	 0.6 	 0.9511 
91.3433 	 0.7 	 2.38748 
91.3433 	 0.8 	 5.15882 
91.3433 	 0.9 	 8.04336 
91.3433 	 1 	 12.3257 
91.3433 	 1.1 	 16.3461 
91.3433 	 1.2 	 20.9801 
91.3433 	 1.3 	 14.37 
91.3433 	 1.4 	 9.92592 
91.3433 	 1.5 	 9.84327 
91.3433 	 1.6 	 12.8832 
91.3433 	 1.7 	 17.2179 
91.3433 	 1.8 	 24.8657 
91.3433 	 1.9 	 35.9902 
91.3433 	 2 	 50.5219 

96.7164 	 0 	 8.06901 
96.7164 	 0.1 	 5.00483 
96.7164 	 0.2 	 2.71 
96.7164 	 0.3 	 1.13086 
96.7164 	 0.4 	 0.38222 
96.7164 	 0.5 	 0.231505 
96.7164 	 0.6 	 0.775404 
96.7164 	 0.7 	 2.39389 
96.7164 	 0.8 	 4.46697 
96.7164 	 0.9 	 8.0015 
96.7164 	 1 	 11.1747 
96.7164 	 1.1 	 15.8568 
96.7164 	 1.2 	 19.9592 
96.7164 	 1.3 	 15.2424 
96.7164 	 1.4 	 10.2535 
96.7164 	 1.5 	 9.65089 
96.7164 	 1.6 	 12.2984 
96.7164 	 1.7 	 16.3507 
96.7164 	 1.8 	 23.8771 
96.7164 	 1.9 	 34.8031 
96.7164 	 2 	 49.2796 

102.09 	 0 	 7.89985 
102.09 	 0.1 	 4.95395 
102.09 	 0.2 	 2.70643 
102.09 	 0.3 	 1.17405 
102.09 	 0.4 	 0.426122 
102.09 	 0.5 	 0.250401 
102.09 	 0.6 	 0.716344 
102.09 	 0.7 	 2.01183 
102.09 	 0.8 	 4.4447 
102.09 	 0.9 	 6.98858 
102.09 	 1 	 11.102 
102.09 	 1.1 	 14.5536 
102.09 	 1.2 	 19.1658 
102.09 	 1.3 	 15.8393 
102.09 	 1.4 	 10.7057 
102.09 	 1.5 	 9.89403 
102.09 	 1.6 	 12.4458 
102.09 	 1.7 	 16.2341 
102.09 	 1.8 	 23.322 
102.09 	 1.9 	 33.8945 
102.09 	 2 	 48.0097 

107.463 	 0 	 7.66797 
107.463 	 0.1 	 4.84693 
107.463 	 0.2 	 2.6985 
107.463 	 0.3 	 1.18486 
107.463 	 0.4 	 0.426279 
107.463 	 0.5 	 0.229927 
107.463 	 0.6 	 0.678519 
107.463 	 0.7 	 1.9608 
107.463 	 0.8 	 3.894 
107.463 	 0.9 	 7.00085 
107.463 	 1 	 9.93804 
107.463 	 1.1 	 14.3592 
107.463 	 1.2 	 17.9541 
107.463 	 1.3 	 16.6628 
107.463 	 1.4 	 11.1172 
107.463 	 1.5 	 9.66674 
107.463 	 1.6 	 12.0551 
107.463 	 1.7 	 15.8467 
107.463 	 1.8 	 22.7517 
107.463 	 1.9 	 33.2348 
107.463 	 2 	 47.2649 

112.836 	 0 	 7.43308 
112.836 	 0.1 	 4.73255 
112.836 	 0.2 	 2.62594 
112.836 	 0.3 	 1.16286 
112.836 	 0.4 	 0.46208 
112.836 	 0.5 	 0.242794 
112.836 	 0.6 	 0.586741 
112.836 	 0.7 	 1.82206 
112.836 	 0.8 	 3.82642 
112.836 	 0.9 	 6.25542 
112.836 	 1 	 9.7872 
112.836 	 1.1 	 13.1286 
112.836 	 1.2 	 17.676 
112.836 	 1.3 	 17.4088 
112.836 	 1.4 	 11.6776 
112.836 	 1.5 	 10.0135 
112.836 	 1.6 	 12.0129 
112.836 	 1.7 	 15.4798 
112.836 	 1.8 	 21.9752 
112.836 	 1.9 	 31.9687 
112.836 	 2 	 45.6058 

118.209 	 0 	 7.11373 
118.209 	 0.1 	 4.52857 
118.209 	 0.2 	 2.50731 
118.209 	 0.3 	 1.13254 
118.209 	 0.4 	 0.442165 
118.209 	 0.5 	 0.219226 
118.209 	 0.6 	 0.640358 
118.209 	 0.7 	 1.70214 
118.209 	 0.8 	 3.57094 
118.209 	 0.9 	 6.20886 
118.209 	 1 	 9.04708 
118.209 	 1.1 	 12.8509 
118.209 	 1.2 	 16.3084 
118.209 	 1.3 	 17.874 
118.209 	 1.4 	 12.2124 
118.209 	 1.5 	 9.88819 
118.209 	 1.6 	 11.8991 
118.209 	 1.7 	 15.5619 
118.209 	 1.8 	 21.7966 
118.209 	 1.9 	 31.5929 
118.209 	 2 	 44.8619 

123.582 	 0 	 6.73646 
123.582 	 0.1 	 4.27655 
123.582 	 0.2 	 2.36989 
123.582 	 0.3 	 1.06616 
123.582 	 0.4 	 0.474545 
123.582 	 0.5 	 0.231112 
123.582 	 0.6 	 0.535822 
123.582 	 0.7 	 1.75647 
123.582 	 0.8 	 3.44129 
123.582 	 0.9 	 5.81444 
123.582 	 1 	 8.8199 
123.582 	 1.1 	 12.0577 
123.582 	 1.2 	 16.059 
123.582 	 1.3 	 18.0282 
123.582 	 1.4 	 12.8477 
123.582 	 1.5 	 10.1917 
123.582 	 1.6 	 11.6743 
123.582 	 1.7 	 14.9869 
123.582 	 1.8 	 20.7683 
123.582 	 1.9 	 30.269 
123.582 	 2 	 43.4078 

128.955 	 0 	 6.32823 
128.955 	 0.1 	 3.99238 
128.955 	 0.2 	 2.19654 
128.955 	 0.3 	 0.988018 
128.955 	 0.4 	 0.432894 
128.955 	 0.5 	 0.202073 
128.955 	 0.6 	 0.657793 
128.955 	 0.7 	 1.59083 
128.955 	 0.8 	 3.46487 
128.955 	 0.9 	 5.69365 
128.955 	 1 	 8.47527 
128.955 	 1.1 	 11.709 
128.955 	 1.2 	 15.0107 
128.955 	 1.3 	 18.033 
128.955 	 1.4 	 13.536 
128.955 	 1.5 	 10.3314 
128.955 	 1.6 	 11.7827 
128.955 	 1.7 	 15.1428 
128.955 	 1.8 	 20.5435 
128.955 	 1.9 	 29.5952 
128.955 	 2 	 42.3634 

134.328 	 0 	 5.88442 
134.328 	 0.1 	 3.68522 
134.328 	 0.2 	 2.00422 
134.328 	 0.3 	 0.903605 
134.328 	 0.4 	 0.410409 
134.328 	 0.5 	 0.224321 
134.328 	 0.6 	 0.55186 
134.328 	 0.7 	 1.80018 
134.328 	 0.8 	 3.26234 
134.328 	 0.9 	 5.63402 
134.328 	 1 	 8.17379 
134.328 	 1.1 	 11.316 
134.328 	 1.2 	 14.714 
134.328 	 1.3 	 17.6487 
134.328 	 1.4 	 14.1318 
134.328 	 1.5 	 10.6139 
134.328 	 1.6 	 11.3885 
134.328 	 1.7 	 14.7319 
134.328 	 1.8 	 19.8408 
134.328 	 1.9 	 28.8462 
134.328 	 2 	 41.4774 

139.701 	 0 	 5.42048 
139.701 	 0.1 	 3.3522 
139.701 	 0.2 	 1.80696 
139.701 	 0.3 	 0.797937 
139.701 	 0.4 	 0.314505 
139.701 	 0.5 	 0.190718 
139.701 	 0.6 	 0.736899 
139.701 	 0.7 	 1.61152 
139.701 	 0.8 	 3.54234 
139.701 	 0.9 	 5.4374 
139.701 	 1 	 8.19125 
139.701 	 1.1 	 10.9084 
139.701 	 1.2 	 14.0372 
139.701 	 1.3 	 17.4131 
139.701 	 1.4 	 14.7712 
139.701 	 1.5 	 11.0034 
139.701 	 1.6 	 11.4127 
139.701 	 1.7 	 14.537 
139.701 	 1.8 	 19.3758 
139.701 	 1.9 	 27.9149 
139.701 	 2 	 40.1822 

145.075 	 0 	 4.9463 
145.075 	 0.1 	 3.01075 
145.075 	 0.2 	 1.58147 
145.075 	 0.3 	 0.709037 
145.075 	 0.4 	 0.266613 
145.075 	 0.5 	 0.245101 
145.075 	 0.6 	 0.639113 
145.075 	 0.7 	 1.95859 
145.075 	 0.8 	 3.27107 
145.075 	 0.9 	 5.68584 
145.075 	 1 	 7.82091 
145.075 	 1.1 	 10.8714 
145.075 	 1.2 	 13.717 
145.075 	 1.3 	 16.3801 
145.075 	 1.4 	 15.3732 
145.075 	 1.5 	 11.2768 
145.075 	 1.6 	 11.2367 
145.075 	 1.7 	 14.4002 
145.075 	 1.8 	 19.2233 
145.075 	 1.9 	 27.7442 
145.075 	 2 	 39.8308 

150.448 	 0 	 4.46153 
150.448 	 0.1 	 2.66688 
150.448 	 0.2 	 1.37927 
150.448 	 0.3 	 0.600458 
150.448 	 0.4 	 0.197185 
150.448 	 0.5 	 0.218504 
150.448 	 0.6 	 0.898258 
150.448 	 0.7 	 1.76188 
150.448 	 0.8 	 3.78176 
150.448 	 0.9 	 5.4147 
150.448 	 1 	 8.16396 
150.448 	 1.1 	 10.42 
150.448 	 1.2 	 13.3557 
150.448 	 1.3 	 16.4239 
150.448 	 1.4 	 15.9258 
150.448 	 1.5 	 11.7645 
150.448 	 1.6 	 11.1487 
150.448 	 1.7 	 14.0103 
150.448 	 1.8 	 18.5436 
150.448 	 1.9 	 26.5915 
150.448 	 2 	 38.3699 

155.821 	 0 	 3.98436 
155.821 	 0.1 	 2.31933 
155.821 	 0.2 	 1.15556 
155.821 	 0.3 	 0.506487 
155.821 	 0.4 	 0.156489 
155.821 	 0.5 	 0.326232 
155.821 	 0.6 	 0.815284 
155.821 	 0.7 	 2.24773 
155.821 	 0.8 	 3.45919 
155.821 	 0.9 	 5.9486 
155.821 	 1 	 7.7355 
155.821 	 1.1 	 10.6898 
155.821 	 1.2 	 13.0378 
155.821 	 1.3 	 15.3938 
155.821 	 1.4 	 16.4781 
155.821 	 1.5 	 12.1661 
155.821 	 1.6 	 11.3393 
155.821 	 1.7 	 14.0695 
155.821 	 1.8 	 18.5343 
155.821 	 1.9 	 26.2765 
155.821 	 2 	 37.8245 

161.194 	 0 	 3.51743 
161.194 	 0.1 	 1.9843 
161.194 	 0.2 	 0.973079 
161.194 	 0.3 	 0.369558 
161.194 	 0.4 	 0.129047 
161.194 	 0.5 	 0.32144 
161.194 	 0.6 	 1.16473 
161.194 	 0.7 	 2.05091 
161.194 	 0.8 	 4.18359 
161.194 	 0.9 	 5.60689 
161.194 	 1 	 8.3665 
161.194 	 1.1 	 10.2143 
161.194 	 1.2 	 12.9302 
161.194 	 1.3 	 15.5038 
161.194 	 1.4 	 16.5931 
161.194 	 1.5 	 12.5234 
161.194 	 1.6 	 11.1593 
161.194 	 1.7 	 13.8036 
161.194 	 1.8 	 18.0616 
161.194 	 1.9 	 25.654 
161.194 	 2 	 36.9689 

166.567 	 0 	 3.0669 
166.567 	 0.1 	 1.66981 
166.567 	 0.2 	 0.767546 
166.567 	 0.3 	 0.249456 
166.567 	 0.4 	 0.126543 
166.567 	 0.5 	 0.46079 
166.567 	 0.6 	 1.10668 
166.567 	 0.7 	 2.64536 
166.567 	 0.8 	 3.82769 
166.567 	 0.9 	 6.39543 
166.567 	 1 	 7.89629 
166.567 	 1.1 	 10.7388 
166.567 	 1.2 	 12.644 
166.567 	 1.3 	 14.6549 
166.567 	 1.4 	 15.9227 
166.567 	 1.5 	 12.826 
166.567 	 1.6 	 11.1699 
166.567 	 1.7 	 13.6375 
166.567 	 1.8 	 17.8037 
166.567 	 1.9 	 25.1224 
166.567 	 2 	 36.2588 

171.94 	 0 	 2.64333 
171.94 	 0.1 	 1.37301 
171.94 	 0.2 	 0.606944 
171.94 	 0.3 	 0.167615 
171.94 	 0.4 	 0.130347 
171.94 	 0.5 	 0.53719 
171.94 	 0.6 	 1.50905 
171.94 	 0.7 	 2.49521 
171.94 	 0.8 	 4.54965 
171.94 	 0.9 	 6.00984 
171.94 	 1 	 8.77803 
171.94 	 1.1 	 10.2642 
171.94 	 1.2 	 12.7246 
171.94 	 1.3 	 14.8628 
171.94 	 1.4 	 15.5539 
171.94 	 1.5 	 12.9666 
171.94 	 1.6 	 11.3046 
171.94 	 1.7 	 13.7932 
171.94 	 1.8 	 17.9331 
171.94 	 1.9 	 25.1201 
171.94 	 2 	 36.0103 

177.313 	 0 	 2.24372 
177.313 	 0.1 	 1.10873 
177.313 	 0.2 	 0.408552 
177.313 	 0.3 	 0.114777 
177.313 	 0.4 	 0.215772 
177.313 	 0.5 	 0.720731 
177.313 	 0.6 	 1.54234 
177.313 	 0.7 	 3.10022 
177.313 	 0.8 	 4.38403 
177.313 	 0.9 	 6.79916 
177.313 	 1 	 8.28684 
177.313 	 1.1 	 10.9899 
177.313 	 1.2 	 12.5038 
177.313 	 1.3 	 14.1276 
177.313 	 1.4 	 14.9408 
177.313 	 1.5 	 12.8989 
177.313 	 1.6 	 11.2504 
177.313 	 1.7 	 13.4598 
177.313 	 1.8 	 17.4291 
177.313 	 1.9 	 24.3856 
177.313 	 2 	 35.1587 

182.687 	 0 	 1.88031 
182.687 	 0.1 	 0.875695 
182.687 	 0.2 	 0.278224 
182.687 	 0.3 	 0.0996283 
182.687 	 0.4 	 0.272087 
182.687 	 0.5 	 0.899265 
182.687 	 0.6 	 1.9745 
182.687 	 0.7 	 3.1141 
182.687 	 0.8 	 5.10774 
182.687 	 0.9 	 6.62177 
182.687 	 1 	 9.27685 
182.687 	 1.1 	 10.5457 
182.687 	 1.2 	 12.7056 
182.687 	 1.3 	 14.4708 
182.687 	 1.4 	 14.621 
182.687 	 1.5 	 12.6526 
182.687 	 1.6 	 11.1393 
182.687 	 1.7 	 13.3707 
182.687 	 1.8 	 17.4812 
182.687 	 1.9 	 24.4344 
182.687 	 2 	 35.2593 

188.06 	 0 	 1.54894 
188.06 	 0.1 	 0.638573 
188.06 	 0.2 	 0.165341 
188.06 	 0.3 	 0.116573 
188.06 	 0.4 	 0.461147 
188.06 	 0.5 	 1.13142 
188.06 	 0.6 	 2.14837 
188.06 	 0.7 	 3.7305 
188.06 	 0.8 	 5.13814 
188.06 	 0.9 	 7.41604 
188.06 	 1 	 8.89432 
188.06 	 1.1 	 11.4192 
188.06 	 1.2 	 12.587 
188.06 	 1.3 	 13.7783 
188.06 	 1.4 	 14.1077 
188.06 	 1.5 	 12.3381 
188.06 	 1.6 	 11.1088 
188.06 	 1.7 	 13.5282 
188.06 	 1.8 	 17.3994 
188.06 	 1.9 	 24.0674 
188.06 	 2 	 34.5369 

193.433 	 0 	 1.25448 
193.433 	 0.1 	 0.448713 
193.433 	 0.2 	 0.114717 
193.433 	 0.3 	 0.159078 
193.433 	 0.4 	 0.578326 
193.433 	 0.5 	 1.43206 
193.433 	 0.6 	 2.60691 
193.433 	 0.7 	 3.92476 
193.433 	 0.8 	 5.86176 
193.433 	 0.9 	 7.44284 
193.433 	 1 	 9.89302 
193.433 	 1.1 	 11.0372 
193.433 	 1.2 	 12.8439 
193.433 	 1.3 	 14.1232 
193.433 	 1.4 	 13.7694 
193.433 	 1.5 	 12.1365 
193.433 	 1.6 	 11.1823 
193.433 	 1.7 	 13.2199 
193.433 	 1.8 	 17.1696 
193.433 	 1.9 	 23.9042 
193.433 	 2 	 34.5109 

198.806 	 0 	 1.00013 
198.806 	 0.1 	 0.291668 
198.806 	 0.2 	 0.0947116 
198.806 	 0.3 	 0.279488 
198.806 	 0.4 	 0.880042 
198.806 	 0.5 	 1.70751 
198.806 	 0.6 	 2.94338 
198.806 	 0.7 	 4.5443 
198.806 	 0.8 	 6.09822 
198.806 	 0.9 	 8.24131 
198.806 	 1 	 9.70723 
198.806 	 1.1 	 12.0065 
198.806 	 1.2 	 12.8653 
198.806 	 1.3 	 13.5771 
198.806 	 1.4 	 13.3984 
198.806 	 1.5 	 11.6481 
198.806 	 1.6 	 10.8879 
198.806 	 1.7 	 13.2096 
198.806 	 1.8 	 17.5352 
198.806 	 1.9 	 24.1584 
198.806 	 2 	 34.394 

204.179 	 0 	 0.778022 
204.179 	 0.1 	 0.186539 
204.179 	 0.2 	 0.109762 
204.179 	 0.3 	 0.389133 
204.179 	 0.4 	 1.04712 
204.179 	 0.5 	 2.14766 
204.179 	 0.6 	 3.41382 
204.179 	 0.7 	 4.93816 
204.179 	 0.8 	 6.81202 
204.179 	 0.9 	 8.47166 
204.179 	 1 	 10.7189 
204.179 	 1.1 	 11.7181 
204.179 	 1.2 	 13.114 
204.179 	 1.3 	 13.7996 
204.179 	 1.4 	 12.9824 
204.179 	 1.5 	 11.3212 
204.179 	 1.6 	 10.7937 
204.179 	 1.7 	 13.3267 
204.179 	 1.8 	 17.1802 
204.179 	 1.9 	 23.7845 
204.179 	 2 	 34.2459 

209.552 	 0 	 0.591434 
209.552 	 0.1 	 0.120673 
209.552 	 0.2 	 0.150693 
209.552 	 0.3 	 0.610278 
209.552 	 0.4 	 1.45377 
209.552 	 0.5 	 2.45144 
209.552 	 0.6 	 3.93539 
209.552 	 0.7 	 5.54268 
209.552 	 0.8 	 7.26717 
209.552 	 0.9 	 9.26712 
209.552 	 1 	 10.7127 
209.552 	 1.1 	 12.7326 
209.552 	 1.2 	 13.3114 
209.552 	 1.3 	 13.4979 
209.552 	 1.4 	 12.794 
209.552 	 1.5 	 11.0407 
209.552 	 1.6 	 10.8429 
209.552 	 1.7 	 13.0864 
209.552 	 1.8 	 17.2731 
209.552 	 1.9 	 24.2474 
209.552 	 2 	 34.7198 

214.925 	 0 	 0.438991 
214.925 	 0.1 	 0.0920819 
214.925 	 0.2 	 0.22338 
214.925 	 0.3 	 0.778332 
214.925 	 0.4 	 1.68202 
214.925 	 0.5 	 3.0444 
214.925 	 0.6 	 4.39263 
214.925 	 0.7 	 6.15623 
214.925 	 0.8 	 7.95297 
214.925 	 0.9 	 9.70216 
214.925 	 1 	 11.7378 
214.925 	 1.1 	 12.5667 
214.925 	 1.2 	 13.4925 
214.925 	 1.3 	 13.5326 
214.925 	 1.4 	 12.2517 
214.925 	 1.5 	 10.6124 
214.925 	 1.6 	 10.5374 
214.925 	 1.7 	 13.2459 
214.925 	 1.8 	 17.4898 
214.925 	 1.9 	 24.0564 
214.925 	 2 	 34.4502 

220.299 	 0 	 0.317192 
220.299 	 0.1 	 0.0933306 
220.299 	 0.2 	 0.341444 
220.299 	 0.3 	 1.05825 
220.299 	 0.4 	 2.09743 
220.299 	 0.5 	 3.35306 
220.299 	 0.6 	 5.12026 
220.299 	 0.7 	 6.71827 
220.299 	 0.8 	 8.6401 
220.299 	 0.9 	 10.4806 
220.299 	 1 	 11.8942 
220.299 	 1.1 	 13.5778 
220.299 	 1.2 	 13.8972 
220.299 	 1.3 	 13.5171 
220.299 	 1.4 	 12.2292 
220.299 	 1.5 	 10.5095 
220.299 	 1.6 	 10.6892 
220.299 	 1.7 	 13.1991 
220.299 	 1.8 	 17.313 
220.299 	 1.9 	 24.3216 
220.299 	 2 	 35.196 

225.672 	 0 	 0.222271 
225.672 	 0.1 	 0.0973267 
225.672 	 0.2 	 0.45374 
225.672 	 0.3 	 1.28758 
225.672 	 0.4 	 2.45968 
225.672 	 0.5 	 4.09245 
225.672 	 0.6 	 5.53011 
225.672 	 0.7 	 7.57034 
225.672 	 0.8 	 9.27202 
225.672 	 0.9 	 11.1215 
225.672 	 1 	 12.929 
225.672 	 1.1 	 13.5581 
225.672 	 1.2 	 13.9565 
225.672 	 1.3 	 13.3099 
225.672 	 1.4 	 11.5764 
225.672 	 1.5 	 10.0078 
225.672 	 1.6 	 10.4491 
225.672 	 1.7 	 13.1421 
225.672 	 1.8 	 17.913 
225.672 	 1.9 	 24.6959 
225.672 	 2 	 35.1016 

231.045 	 0 	 0.150345 
231.045 	 0.1 	 0.0977029 
231.045 	 0.2 	 0.559224 
231.045 	 0.3 	 1.55397 
231.045 	 0.4 	 2.84611 
231.045 	 0.5 	 4.39029 
231.045 	 0.6 	 6.16434 
231.045 	 0.7 	 8.05476 
231.045 	 0.8 	 10.2029 
231.045 	 0.9 	 11.863 
231.045 	 1 	 13.2298 
231.045 	 1.1 	 14.519 
231.045 	 1.2 	 14.5929 
231.045 	 1.3 	 13.6129 
231.045 	 1.4 	 11.4359 
231.045 	 1.5 	 10.056 
231.045 	 1.6 	 10.4954 
231.045 	 1.7 	 13.5227 
231.045 	 1.8 	 17.6345 
231.045 	 1.9 	 24.7636 
231.045 	 2 	 35.7301 

236.418 	 0 	 0.097573 
236.418 	 0.1 	 0.0944998 
236.418 	 0.2 	 0.53246 
236.418 	 0.3 	 1.42973 
236.418 	 0.4 	 2.69003 
236.418 	 0.5 	 4.28464 
236.418 	 0.6 	 6.37112 
236.418 	 0.7 	 8.14468 
236.418 	 0.8 	 10.7491 
236.418 	 0.9 	 12.7092 
236.418 	 1 	 14.2548 
236.418 	 1.1 	 14.6639 
236.418 	 1.2 	 14.4825 
236.418 	 1.3 	 13.123 
236.418 	 1.4 	 10.961 
236.418 	 1.5 	 9.51022 
236.418 	 1.6 	 10.5178 
236.418 	 1.7 	 13.264 
236.418 	 1.8 	 18.0198 
236.418 	 1.9 	 25.6757 
236.418 	 2 	 36.1719 

241.791 	 0 	 0.0602988 
241.791 	 0.1 	 0.088958 
241.791 	 0.2 	 0.446614 
241.791 	 0.3 	 1.37739 
241.791 	 0.4 	 2.6924 
241.791 	 0.5 	 4.30844 
241.791 	 0.6 	 6.06986 
241.791 	 0.7 	 8.65547 
241.791 	 0.8 	 10.532 
241.791 	 0.9 	 13.3893 
241.791 	 1 	 14.692 
241.791 	 1.1 	 15.5298 
241.791 	 1.2 	 15.0851 
241.791 	 1.3 	 13.1064 
241.791 	 1.4 	 10.6897 
241.791 	 1.5 	 9.68811 
241.791 	 1.6 	 10.4777 
241.791 	 1.7 	 13.8425 
241.791 	 1.8 	 18.2169 
241.791 	 1.9 	 25.5473 
241.791 	 2 	 36.6745 

247.164 	 0 	 0.0351983 
247.164 	 0.1 	 0.0840177 
247.164 	 0.2 	 0.394962 
247.164 	 0.3 	 1.24367 
247.164 	 0.4 	 2.52291 
247.164 	 0.5 	 4.17489 
247.164 	 0.6 	 6.40472 
247.164 	 0.7 	 8.30682 
247.164 	 0.8 	 11.3202 
247.164 	 0.9 	 13.3344 
247.164 	 1 	 15.6924 
247.164 	 1.1 	 15.8515 
247.164 	 1.2 	 15.0452 
247.164 	 1.3 	 12.9642 
247.164 	 1.4 	 10.4121 
247.164 	 1.5 	 9.1259 
247.164 	 1.6 	 10.7368 
247.164 	 1.7 	 13.5982 
247.164 	 1.8 	 18.3981 
247.164 	 1.9 	 26.4641 
247.164 	 2 	 37.6283 

252.537 	 0 	 0.0194111 
252.537 	 0.1 	 0.0786904 
252.537 	 0.2 	 0.336684 
252.537 	 0.3 	 1.23808 
252.537 	 0.4 	 2.58493 
252.537 	 0.5 	 4.29296 
252.537 	 0.6 	 6.17933 
252.537 	 0.7 	 8.94028 
252.537 	 0.8 	 11.001 
252.537 	 0.9 	 14.3821 
252.537 	 1 	 16.2476 
252.537 	 1.1 	 16.5798 
252.537 	 1.2 	 15.2997 
252.537 	 1.3 	 12.605 
252.537 	 1.4 	 10.0093 
252.537 	 1.5 	 9.41724 
252.537 	 1.6 	 10.5648 
252.537 	 1.7 	 14.0824 
252.537 	 1.8 	 19.0401 
252.537 	 1.9 	 26.6441 
252.537 	 2 	 37.9943 

257.91 	 0 	 0.0106652 
257.91 	 0.1 	 0.0722783 
257.91 	 0.2 	 0.308294 
257.91 	 0.3 	 1.14865 
257.91 	 0.4 	 2.48173 
257.91 	 0.5 	 4.24257 
257.91 	 0.6 	 6.60474 
257.91 	 0.7 	 8.69424 
257.91 	 0.8 	 11.9086 
257.91 	 0.9 	 14.1476 
257.91 	 1 	 17.208 
257.91 	 1.1 	 17.0851 
257.91 	 1.2 	 15.6179 
257.91 	 1.3 	 12.6948 
257.91 	 1.4 	 9.93563 
257.91 	 1.5 	 8.86123 
257.91 	 1.6 	 11.1018 
257.91 	 1.7 	 14.1321 
257.91 	 1.8 	 19.0285 
257.91 	 1.9 	 27.3869 
257.91 	 2 	 39.4352 

263.284 	 0 	 0.00737053 
263.284 	 0.1 	 0.0674002 
263.284 	 0.2 	 0.279815 
263.284 	 0.3 	 1.20606 
263.284 	 0.4 	 2.62851 
263.284 	 0.5 	 4.42246 
263.284 	 0.6 	 6.49072 
263.284 	 0.7 	 9.41743 
263.284 	 0.8 	 11.7133 
263.284 	 0.9 	 15.3159 
263.284 	 1 	 17.7109 
263.284 	 1.1 	 17.6363 
263.284 	 1.2 	 15.5006 
263.284 	 1.3 	 12.13 
263.284 	 1.4 	 9.4119 
263.284 	 1.5 	 9.25524 
263.284 	 1.6 	 10.7466 
263.284 	 1.7 	 14.2968 
263.284 	 1.8 	 20.0082 
263.284 	 1.9 	 28.0238 
263.284 	 2 	 39.651 

268.657 	 0 	 0.0021379 
268.657 	 0.1 	 0.0649568 
268.657 	 0.2 	 0.257084 
268.657 	 0.3 	 1.13925 
268.657 	 0.4 	 2.56556 
268.657 	 0.5 	 4.48754 
268.657 	 0.6 	 6.97655 
268.657 	 0.7 	 9.3073 
268.657 	 0.8 	 12.7145 
268.657 	 0.9 	 15.2117 
268.657 	 1 	 18.7655 
268.657 	 1.1 	 18.3273 
268.657 	 1.2 	 15.6455 
268.657 	 1.3 	 11.9322 
268.657 	 1.4 	 9.53489 
268.657 	 1.5 	 8.72008 
268.657 	 1.6 	 11.1548 
268.657 	 1.7 	 14.7491 
268.657 	 1.8 	 19.8897 
268.657 	 1.9 	 28.5827 
268.657 	 2 	 40.9997 

274.03 	 0 	 5.55851e-10 
274.03 	 0.1 	 0.0633346 
274.03 	 0.2 	 0.27448 
274.03 	 0.3 	 1.23578 
274.03 	 0.4 	 2.82518 
274.03 	 0.5 	 4.70393 
274.03 	 0.6 	 7.00719 
274.03 	 0.7 	 10.0942 
274.03 	 0.8 	 12.6663 
274.03 	 0.9 	 16.4848 
274.03 	 1 	 19.1282 
274.03 	 1.1 	 18.666 
274.03 	 1.2 	 15.6744 
274.03 	 1.3 	 11.6872 
274.03 	 1.4 	 8.9102 
274.03 	 1.5 	 9.21114 
274.03 	 1.6 	 11.0159 
274.03 	 1.7 	 14.6008 
274.03 	 1.8 	 20.6843 
274.03 	 1.9 	 29.6541 
274.03 	 2 	 41.603 

279.403 	 0 	 0.0026425 
279.403 	 0.1 	 0.0627851 
279.403 	 0.2 	 0.248056 
279.403 	 0.3 	 1.22221 
279.403 	 0.4 	 2.78328 
279.403 	 0.5 	 4.91633 
279.403 	 0.6 	 7.52986 
279.403 	 0.7 	 10.1466 
279.403 	 0.8 	 13.7418 
279.403 	 0.9 	 16.5163 
279.403 	 1 	 20.3281 
279.403 	 1.1 	 19.3075 
279.403 	 1.2 	 15.3856 
279.403 	 1.3 	 11.2373 
279.403 	 1.4 	 9.20912 
279.403 	 1.5 	 8.70161 
279.403 	 1.6 	 11.2866 
279.403 	 1.7 	 15.4004 
279.403 	 1.8 	 20.9575 
279.403 	 1.9 	 30.0151 
279.403 	 2 	 42.7649 

284.776 	 0 	 0.00734171 
284.776 	 0.1 	 0.0621562 
284.776 	 0.2 	 0.256478 
284.776 	 0.3 	 1.31041 
284.776 	 0.4 	 3.04689 
284.776 	 0.5 	 5.1499 
284.776 	 0.6 	 7.73337 
284.776 	 0.7 	 10.9773 
284.776 	 0.8 	 13.8526 
284.776 	 0.9 	 17.8853 
284.776 	 1 	 20.7676 
284.776 	 1.1 	 19.6384 
284.776 	 1.2 	 15.3515 
284.776 	 1.3 	 11.2795 
284.776 	 1.4 	 8.51081 
284.776 	 1.5 	 9.28859 
284.776 	 1.6 	 11.3716 
284.776 	 1.7 	 15.0755 
284.776 	 1.8 	 21.551 
284.776 	 1.9 	 31.5002 
284.776 	 2 	 43.8056 

290.149 	 0 	 0.0152378 
290.149 	 0.1 	 0.0612523 
290.149 	 0.2 	 0.283245 
290.149 	 0.3 	 1.41468 
290.149 	 0.4 	 3.15061 
290.149 	 0.5 	 5.53813 
290.149 	 0.6 	 8.27474 
290.149 	 0.7 	 11.2087 
290.149 	 0.8 	 14.9894 
290.149 	 0.9 	 18.0425 
290.149 	 1 	 21.8602 
290.149 	 1.1 	 19.8869 
290.149 	 1.2 	 15.1168 
290.149 	 1.3 	 10.6228 
290.149 	 1.4 	 8.88205 
290.149 	 1.5 	 8.79895 
290.149 	 1.6 	 11.545 
290.149 	 1.7 	 16.0613 
290.149 	 1.8 	 22.1933 
290.149 	 1.9 	 31.6447 
290.149 	 2 	 44.7464 

295.522 	 0 	 0.0348672 
295.522 	 0.1 	 0.0627571 
295.522 	 0.2 	 0.291898 
295.522 	 0.3 	 1.48955 
295.522 	 0.4 	 3.40081 
295.522 	 0.5 	 5.7742 
295.522 	 0.6 	 8.67072 
295.522 	 0.7 	 12.0689 
295.522 	 0.8 	 15.2565 
295.522 	 0.9 	 19.5056 
295.522 	 1 	 22.5994 
295.522 	 1.1 	 20.0687 
295.522 	 1.2 	 14.7364 
295.522 	 1.3 	 10.8448 
295.522 	 1.4 	 8.2138 
295.522 	 1.5 	 9.433 
295.522 	 1.6 	 11.8204 
295.522 	 1.7 	 15.7006 
295.522 	 1.8 	 22.5754 
295.522 	 1.9 	 32.9537 
295.522 	 2 	 46.2112 

300.896 	 0 	 0.0613178 
300.896 	 0.1 	 0.0645646 
300.896 	 0.2 	 0.306478 
300.896 	 0.3 	 1.66187 
300.896 	 0.4 	 3.68554 
300.896 	 0.5 	 6.35981 
300.896 	 0.6 	 9.21709 
300.896 	 0.7 	 12.4823 
300.896 	 0.8 	 16.4481 
300.896 	 0.9 	 19.7618 
300.896 	 1 	 23.3299 
300.896 	 1.1 	 20.2523 
300.896 	 1.2 	 14.8451 
300.896 	 1.3 	 10.0961 
300.896 	 1.4 	 8.60809 
300.896 	 1.5 	 8.99901 
300.896 	 1.6 	 11.914 
300.896 	 1.7 	 16.4982 
300.896 	 1.8 	 23.5643 
300.896 	 1.9 	 33.429 
300.896 	 2 	 46.8914 

306.269 	 0 	 0.104283 
306.269 	 0.1 	 0.0680633 
306.269 	 0.2 	 0.327232 
306.269 	 0.3 	 1.80059 
306.269 	 0.4 	 3.9155 
306.269 	 0.5 	 6.58682 
306.269 	 0.6 	 9.8128 
306.269 	 0.7 	 13.3629 
306.269 	 0.8 	 16.8519 
306.269 	 0.9 	 21.3245 
306.269 	 1 	 24.0967 
306.269 	 1.1 	 20.1393 
306.269 	 1.2 	 14.1854 
306.269 	 1.3 	 10.2559 
306.269 	 1.4 	 8.01334 
306.269 	 1.5 	 9.5411 
306.269 	 1.6 	 12.3834 
306.269 	 1.7 	 16.4512 
306.269 	 1.8 	 23.7215 
306.269 	 1.9 	 34.4543 
306.269 	 2 	 48.5916 

311.642 	 0 	 0.166609 
311.642 	 0.1 	 0.07 
311.642 	 0.2 	 0.346035 
311.642 	 0.3 	 1.95036 
311.642 	 0.4 	 4.35126 
311.642 	 0.5 	 7.22563 
311.642 	 0.6 	 10.3541 
311.642 	 0.7 	 13.9446 
311.642 	 0.8 	 18.0982 
311.642 	 0.9 	 21.6357 
311.642 	 1 	 24.7113 
311.642 	 1.1 	 19.9309 
311.642 	 1.2 	 14.226 
311.642 	 1.3 	 9.66055 
311.642 	 1.4 	 8.45436 
311.642 	 1.5 	 9.2698 
311.642 	 1.6 	 12.2977 
311.642 	 1.7 	 17.0265 
311.642 	 1.8 	 25.0419 
311.642 	 1.9 	 35.3226 
311.642 	 2 	 49.1455 

317.015 	 0 	 0.249064 
317.015 	 0.1 	 0.07612 
317.015 	 0.2 	 0.343284 
317.015 	 0.3 	 2.15718 
317.015 	 0.4 	 4.60674 
317.015 	 0.5 	 7.58862 
317.015 	 0.6 	 11.141 
317.015 	 0.7 	 14.8414 
317.015 	 0.8 	 18.6012 
317.015 	 0.9 	 23.2745 
317.015 	 1 	 25.4455 
317.015 	 1.1 	 20.0559 
317.015 	 1.2 	 13.7144 
317.015 	 1.3 	 9.80509 
317.015 	 1.4 	 7.89898 
317.015 	 1.5 	 9.65074 
317.015 	 1.6 	 13.0381 
317.015 	 1.7 	 17.2983 
317.015 	 1.8 	 24.9503 
317.015 	 1.9 	 36.0216 
317.015 	 2 	 50.4986 

322.388 	 0 	 0.362166 
322.388 	 0.1 	 0.0673608 
322.388 	 0.2 	 0.281855 
322.388 	 0.3 	 2.29839 
322.388 	 0.4 	 4.95821 
322.388 	 0.5 	 8.19087 
322.388 	 0.6 	 11.6703 
322.388 	 0.7 	 15.56 
322.388 	 0.8 	 19.9091 
322.388 	 0.9 	 23.6182 
322.388 	 1 	 25.9873 
322.388 	 1.1 	 19.6663 
322.388 	 1.2 	 13.6674 
322.388 	 1.3 	 9.31724 
322.388 	 1.4 	 8.40966 
322.388 	 1.5 	 9.54877 
322.388 	 1.6 	 12.6 
322.388 	 1.7 	 17.6159 
322.388 	 1.8 	 25.9748 
322.388 	 1.9 	 37.2786 
322.388 	 2 	 51.4534 

327.761 	 0 	 0.500444 
327.761 	 0.1 	 0.0716925 
327.761 	 0.2 	 0.193455 
327.761 	 0.3 	 1.98588 
327.761 	 0.4 	 4.7724 
327.761 	 0.5 	 8.37491 
327.761 	 0.6 	 12.4111 
327.761 	 0.7 	 16.4744 
327.761 	 0.8 	 20.4572 
327.761 	 0.9 	 24.6043 
327.761 	 1 	 26.4816 
327.761 	 1.1 	 19.6124 
327.761 	 1.2 	 13.3396 
327.761 	 1.3 	 9.49077 
327.761 	 1.4 	 7.85747 
327.761 	 1.5 	 9.76334 
327.761 	 1.6 	 13.2359 
327.761 	 1.7 	 18.21 
327.761 	 1.8 	 26.2219 
327.761 	 1.9 	 37.6073 
327.761 	 2 	 52.4136 

333.134 	 0 	 0.678131 
333.134 	 0.1 	 0.083223 
333.134 	 0.2 	 0.128945 
333.134 	 0.3 	 1.66681 
333.134 	 0.4 	 4.37825 
333.134 	 0.5 	 7.87101 
333.134 	 0.6 	 12.0625 
333.134 	 0.7 	 16.5214 
333.134 	 0.8 	 20.6997 
333.134 	 0.9 	 24.5991 
333.134 	 1 	 26.7366 
333.134 	 1.1 	 19.4849 
333.134 	 1.2 	 13.2753 
333.134 	 1.3 	 9.06633 
333.134 	 1.4 	 8.42328 
333.134 	 1.5 	 9.85938 
333.134 	 1.6 	 12.9653 
333.134 	 1.7 	 18.2353 
333.134 	 1.8 	 26.8723 
333.134 	 1.9 	 38.9586 
333.134 	 2 	 53.7602 

338.507 	 0 	 0.885631 
338.507 	 0.1 	 0.116871 
338.507 	 0.2 	 0.101804 
338.507 	 0.3 	 1.39191 
338.507 	 0.4 	 3.91402 
338.507 	 0.5 	 7.35577 
338.507 	 0.6 	 11.4592 
338.507 	 0.7 	 15.953 
338.507 	 0.8 	 20.7193 
338.507 	 0.9 	 24.6919 
338.507 	 1 	 26.6547 
338.507 	 1.1 	 19.3508 
338.507 	 1.2 	 13.0791 
338.507 	 1.3 	 9.3083 
338.507 	 1.4 	 7.87461 
338.507 	 1.5 	 9.88097 
338.507 	 1.6 	 13.3279 
338.507 	 1.7 	 19.1532 
338.507 	 1.8 	 27.4962 
338.507 	 1.9 	 39.1646 
338.507 	 2 	 54.2568 

343.881 	 0 	 1.13772 
343.881 	 0.1 	 0.178209 
343.881 	 0.2 	 0.0938496 
343.881 	 0.3 	 1.08723 
343.881 	 0.4 	 3.52158 
343.881 	 0.5 	 6.93417 
343.881 	 0.6 	 10.9575 
343.881 	 0.7 	 15.4136 
343.881 	 0.8 	 20.0675 
343.881 	 0.9 	 24.6393 
343.881 	 1 	 26.8009 
343.881 	 1.1 	 19.4152 
343.881 	 1.2 	 13.0612 
343.881 	 1.3 	 8.90872 
343.881 	 1.4 	 8.35829 
343.881 	 1.5 	 10.193 
343.881 	 1.6 	 13.3861 
343.881 	 1.7 	 18.8547 
343.881 	 1.8 	 27.7337 
343.881 	 1.9 	 40.0314 
343.881 	 2 	 55.4126 

349.254 	 0 	 1.42242 
349.254 	 0.1 	 0.274766 
349.254 	 0.2 	 0.108568 
349.254 	 0.3 	 0.825639 
349.254 	 0.4 	 3.03321 
349.254 	 0.5 	 6.26295 
349.254 	 0.6 	 10.3864 
349.254 	 0.7 	 14.9992 
349.254 	 0.8 	 19.5427 
349.254 	 0.9 	 24.1428 
349.254 	 1 	 26.9629 
349.254 	 1.1 	 19.3018 
349.254 	 1.2 	 12.9532 
349.254 	 1.3 	 9.25196 
349.254 	 1.4 	 7.93721 
349.254 	 1.5 	 10.008 
349.254 	 1.6 	 13.4444 
349.254 	 1.7 	 19.6318 
349.254 	 1.8 	 28.7353 
349.254 	 1.9 	 40.6497 
349.254 	 2 	 55.9828 

354.627 	 0 	 1.752 
354.627 	 0.1 	 0.40525 
354.627 	 0.2 	 0.120557 
354.627 	 0.3 	 0.630935 
354.627 	 0.4 	 2.57232 
354.627 	 0.5 	 5.66417 
354.627 	 0.6 	 9.60695 
354.627 	 0.7 	 14.1645 
354.627 	 0.8 	 19.2118 
354.627 	 0.9 	 23.7432 
354.627 	 1 	 27.0909 
354.627 	 1.1 	 19.5209 
354.627 	 1.2 	 13.0366 
354.627 	 1.3 	 8.84726 
354.627 	 1.4 	 8.30498 
354.627 	 1.5 	 10.5393 
354.627 	 1.6 	 13.8403 
354.627 	 1.7 	 19.4467 
354.627 	 1.8 	 28.5267 
354.627 	 1.9 	 40.9906 
354.627 	 2 	 56.5901 

360 	 0 	 2.11291 
360 	 0.1 	 0.568175 
360 	 0.2 	 0.139248 
360 	 0.3 	 0.410806 
360 	 0.4 	 2.23447 
360 	 0.5 	 5.20301 
360 	 0.6 	 8.99147 
360 	 0.7 	 13.4188 
360 	 0.8 	 18.2765 
360 	 0.9 	 23.4949 
360 	 1 	 27.4724 
360 	 1.1 	 19.4973 
360 	 1.2 	 12.9849 
360 	 1.3 	 9.31654 
360 	 1.4 	 8.03461 
360 	 1.5 	 10.1441 
360 	 1.6 	 13.5725 
360 	 1.7 	 19.8406 
360 	 1.8 	 29.3015 
360 	 1.9 	 42.0236 
360 	 2 	 57.5609 

