0 	 0 	 2.30984 
0 	 0.1 	 0.674164 
0 	 0.2 	 0.197812 
0 	 0.3 	 0.621862 
0 	 0.4 	 2.44483 
0 	 0.5 	 5.39786 
0 	 0.6 	 9.33828 
0 	 0.7 	 13.9292 
0 	 0.8 	 18.6238 
0 	 0.9 	 23.6448 
0 	 1 	 24.8949 
0 	 1.1 	 15.9848 
0 	 1.2 	 9.49995 
0 	 1.3 	 5.38044 
0 	 1.4 	 4.00687 
0 	 1.5 	 4.9046 
0 	 1.6 	 6.897 
0 	 1.7 	 12.2703 
0 	 1.8 	 20.8284 
0 	 1.9 	 32.685 
0 	 2 	 47.2218 
0 	 2.1 	 64.2703 
0 	 2.2 	 83.7109 
0 	 2.3 	 104.705 
0 	 2.4 	 127.401 
0 	 2.5 	 151.498 

5.37313 	 0 	 2.74195 
5.37313 	 0.1 	 0.892677 
5.37313 	 0.2 	 0.208594 
5.37313 	 0.3 	 0.456025 
5.37313 	 0.4 	 2.12991 
5.37313 	 0.5 	 4.88278 
5.37313 	 0.6 	 8.53498 
5.37313 	 0.7 	 13.0395 
5.37313 	 0.8 	 18.0369 
5.37313 	 0.9 	 22.7723 
5.37313 	 1 	 24.9013 
5.37313 	 1.1 	 16.6992 
5.37313 	 1.2 	 9.31409 
5.37313 	 1.3 	 5.00723 
5.37313 	 1.4 	 4.27062 
5.37313 	 1.5 	 5.27481 
5.37313 	 1.6 	 7.69145 
5.37313 	 1.7 	 12.7751 
5.37313 	 1.8 	 21.0668 
5.37313 	 1.9 	 32.5884 
5.37313 	 2 	 47.2339 
5.37313 	 2.1 	 64.1757 
5.37313 	 2.2 	 83.6538 
5.37313 	 2.3 	 104.931 
5.37313 	 2.4 	 127.821 
5.37313 	 2.5 	 152.144 

10.7463 	 0 	 3.21336 
10.7463 	 0.1 	 1.14466 
10.7463 	 0.2 	 0.256441 
10.7463 	 0.3 	 0.342406 
10.7463 	 0.4 	 1.6448 
10.7463 	 0.5 	 4.24873 
10.7463 	 0.6 	 7.95859 
10.7463 	 0.7 	 12.1678 
10.7463 	 0.8 	 17.102 
10.7463 	 0.9 	 22.1531 
10.7463 	 1 	 25.5213 
10.7463 	 1.1 	 16.3 
10.7463 	 1.2 	 9.55176 
10.7463 	 1.3 	 5.5784 
10.7463 	 1.4 	 4.15385 
10.7463 	 1.5 	 5.07721 
10.7463 	 1.6 	 7.08191 
10.7463 	 1.7 	 12.4378 
10.7463 	 1.8 	 21.0265 
10.7463 	 1.9 	 32.9118 
10.7463 	 2 	 47.5757 
10.7463 	 2.1 	 64.6895 
10.7463 	 2.2 	 84.2478 
10.7463 	 2.3 	 105.335 
10.7463 	 2.4 	 128.156 
10.7463 	 2.5 	 152.348 

16.1194 	 0 	 3.71794 
16.1194 	 0.1 	 1.42735 
16.1194 	 0.2 	 0.333455 
16.1194 	 0.3 	 0.23076 
16.1194 	 0.4 	 1.32796 
16.1194 	 0.5 	 3.64004 
16.1194 	 0.6 	 7.07544 
16.1194 	 0.7 	 11.4973 
16.1194 	 0.8 	 16.0656 
16.1194 	 0.9 	 21.2981 
16.1194 	 1 	 25.6417 
16.1194 	 1.1 	 17.0691 
16.1194 	 1.2 	 9.58843 
16.1194 	 1.3 	 5.11527 
16.1194 	 1.4 	 4.20972 
16.1194 	 1.5 	 5.11602 
16.1194 	 1.6 	 7.42182 
16.1194 	 1.7 	 13.1845 
16.1194 	 1.8 	 21.7826 
16.1194 	 1.9 	 33.3582 
16.1194 	 2 	 48.1613 
16.1194 	 2.1 	 65.1958 
16.1194 	 2.2 	 84.7643 
16.1194 	 2.3 	 106.202 
16.1194 	 2.4 	 129.044 
16.1194 	 2.5 	 153.043 

21.4925 	 0 	 4.24816 
21.4925 	 0.1 	 1.74974 
21.4925 	 0.2 	 0.444701 
21.4925 	 0.3 	 0.21865 
21.4925 	 0.4 	 1.04803 
21.4925 	 0.5 	 3.2601 
21.4925 	 0.6 	 6.33565 
21.4925 	 0.7 	 10.4188 
21.4925 	 0.8 	 15.3693 
21.4925 	 0.9 	 20.1379 
21.4925 	 1 	 25.2663 
21.4925 	 1.1 	 16.9363 
21.4925 	 1.2 	 9.80379 
21.4925 	 1.3 	 5.69896 
21.4925 	 1.4 	 4.32266 
21.4925 	 1.5 	 5.28419 
21.4925 	 1.6 	 7.2654 
21.4925 	 1.7 	 12.5464 
21.4925 	 1.8 	 21.1209 
21.4925 	 1.9 	 32.9781 
21.4925 	 2 	 47.7362 
21.4925 	 2.1 	 64.8744 
21.4925 	 2.2 	 84.4772 
21.4925 	 2.3 	 105.691 
21.4925 	 2.4 	 128.588 
21.4925 	 2.5 	 152.878 

26.8657 	 0 	 4.79515 
26.8657 	 0.1 	 2.08332 
26.8657 	 0.2 	 0.589149 
26.8657 	 0.3 	 0.210151 
26.8657 	 0.4 	 0.744094 
26.8657 	 0.5 	 2.59797 
26.8657 	 0.6 	 5.72654 
26.8657 	 0.7 	 9.56905 
26.8657 	 0.8 	 14.1708 
26.8657 	 0.9 	 19.388 
26.8657 	 1 	 24.1609 
26.8657 	 1.1 	 17.7512 
26.8657 	 1.2 	 10.0826 
26.8657 	 1.3 	 5.34666 
26.8657 	 1.4 	 4.1692 
26.8657 	 1.5 	 5.04044 
26.8657 	 1.6 	 7.1713 
26.8657 	 1.7 	 12.7509 
26.8657 	 1.8 	 21.4678 
26.8657 	 1.9 	 33.4944 
26.8657 	 2 	 48.157 
26.8657 	 2.1 	 65.3124 
26.8657 	 2.2 	 84.798 
26.8657 	 2.3 	 105.827 
26.8657 	 2.4 	 128.558 
26.8657 	 2.5 	 152.627 

32.2388 	 0 	 5.34884 
32.2388 	 0.1 	 2.44736 
32.2388 	 0.2 	 0.767319 
32.2388 	 0.3 	 0.232598 
32.2388 	 0.4 	 0.628377 
32.2388 	 0.5 	 2.21981 
32.2388 	 0.6 	 4.91012 
32.2388 	 0.7 	 8.81265 
32.2388 	 0.8 	 13.2137 
32.2388 	 0.9 	 18.1947 
32.2388 	 1 	 23.3846 
32.2388 	 1.1 	 17.9241 
32.2388 	 1.2 	 10.2847 
32.2388 	 1.3 	 5.8086 
32.2388 	 1.4 	 4.51619 
32.2388 	 1.5 	 5.50737 
32.2388 	 1.6 	 7.47298 
32.2388 	 1.7 	 12.5975 
32.2388 	 1.8 	 21.1118 
32.2388 	 1.9 	 32.8826 
32.2388 	 2 	 47.7004 
32.2388 	 2.1 	 64.8202 
32.2388 	 2.2 	 84.4319 
32.2388 	 2.3 	 105.764 
32.2388 	 2.4 	 128.708 
32.2388 	 2.5 	 152.869 

37.6119 	 0 	 5.89756 
37.6119 	 0.1 	 2.81812 
37.6119 	 0.2 	 0.959072 
37.6119 	 0.3 	 0.235964 
37.6119 	 0.4 	 0.391123 
37.6119 	 0.5 	 1.7959 
37.6119 	 0.6 	 4.43964 
37.6119 	 0.7 	 7.83436 
37.6119 	 0.8 	 12.4269 
37.6119 	 0.9 	 17.0261 
37.6119 	 1 	 22.2173 
37.6119 	 1.1 	 18.791 
37.6119 	 1.2 	 10.8115 
37.6119 	 1.3 	 5.7172 
37.6119 	 1.4 	 4.16641 
37.6119 	 1.5 	 5.00145 
37.6119 	 1.6 	 6.92776 
37.6119 	 1.7 	 12.2531 
37.6119 	 1.8 	 20.8114 
37.6119 	 1.9 	 32.6766 
37.6119 	 2 	 47.3293 
37.6119 	 2.1 	 64.4143 
37.6119 	 2.2 	 83.9307 
37.6119 	 2.3 	 104.985 
37.6119 	 2.4 	 127.749 
37.6119 	 2.5 	 151.881 

42.9851 	 0 	 6.42962 
42.9851 	 0.1 	 3.19462 
42.9851 	 0.2 	 1.18292 
42.9851 	 0.3 	 0.277068 
42.9851 	 0.4 	 0.32301 
42.9851 	 0.5 	 1.40143 
42.9851 	 0.6 	 3.73137 
42.9851 	 0.7 	 7.22242 
42.9851 	 0.8 	 11.187 
42.9851 	 0.9 	 16.3958 
42.9851 	 1 	 20.9421 
42.9851 	 1.1 	 19.29 
42.9851 	 1.2 	 11.0233 
42.9851 	 1.3 	 6.07704 
42.9851 	 1.4 	 4.67681 
42.9851 	 1.5 	 5.49398 
42.9851 	 1.6 	 7.50739 
42.9851 	 1.7 	 12.5994 
42.9851 	 1.8 	 21.0075 
42.9851 	 1.9 	 32.6333 
42.9851 	 2 	 47.4669 
42.9851 	 2.1 	 64.5332 
42.9851 	 2.2 	 84.062 
42.9851 	 2.3 	 104.879 
42.9851 	 2.4 	 127.374 
42.9851 	 2.5 	 151.219 

48.3582 	 0 	 6.93331 
48.3582 	 0.1 	 3.57338 
48.3582 	 0.2 	 1.40527 
48.3582 	 0.3 	 0.338486 
48.3582 	 0.4 	 0.234019 
48.3582 	 0.5 	 1.2053 
48.3582 	 0.6 	 3.20315 
48.3582 	 0.7 	 6.32478 
48.3582 	 0.8 	 10.4444 
48.3582 	 0.9 	 14.8545 
48.3582 	 1 	 20.2372 
48.3582 	 1.1 	 20.2287 
48.3582 	 1.2 	 11.7899 
48.3582 	 1.3 	 6.23549 
48.3582 	 1.4 	 4.22311 
48.3582 	 1.5 	 4.99645 
48.3582 	 1.6 	 6.73543 
48.3582 	 1.7 	 11.7308 
48.3582 	 1.8 	 20.0806 
48.3582 	 1.9 	 31.7231 
48.3582 	 2 	 46.3286 
48.3582 	 2.1 	 63.2985 
48.3582 	 2.2 	 82.7465 
48.3582 	 2.3 	 103.88 
48.3582 	 2.4 	 126.648 
48.3582 	 2.5 	 150.821 

53.7313 	 0 	 7.39722 
53.7313 	 0.1 	 3.92776 
53.7313 	 0.2 	 1.64352 
53.7313 	 0.3 	 0.431737 
53.7313 	 0.4 	 0.197561 
53.7313 	 0.5 	 0.834939 
53.7313 	 0.6 	 2.81301 
53.7313 	 0.7 	 5.62763 
53.7313 	 0.8 	 9.41735 
53.7313 	 0.9 	 13.9951 
53.7313 	 1 	 18.6828 
53.7313 	 1.1 	 21.0551 
53.7313 	 1.2 	 12.0471 
53.7313 	 1.3 	 6.53431 
53.7313 	 1.4 	 4.53825 
53.7313 	 1.5 	 5.21105 
53.7313 	 1.6 	 6.89374 
53.7313 	 1.7 	 11.8862 
53.7313 	 1.8 	 20.1476 
53.7313 	 1.9 	 31.7162 
53.7313 	 2 	 46.0591 
53.7313 	 2.1 	 62.863 
53.7313 	 2.2 	 82.1025 
53.7313 	 2.3 	 102.915 
53.7313 	 2.4 	 125.407 
53.7313 	 2.5 	 149.282 

59.1045 	 0 	 7.81063 
59.1045 	 0.1 	 4.26816 
59.1045 	 0.2 	 1.88076 
59.1045 	 0.3 	 0.527361 
59.1045 	 0.4 	 0.197965 
59.1045 	 0.5 	 0.766724 
59.1045 	 0.6 	 2.24628 
59.1045 	 0.7 	 5.07101 
59.1045 	 0.8 	 8.55733 
59.1045 	 0.9 	 12.9377 
59.1045 	 1 	 17.6225 
59.1045 	 1.1 	 22.0963 
59.1045 	 1.2 	 13.0311 
59.1045 	 1.3 	 6.83594 
59.1045 	 1.4 	 4.36354 
59.1045 	 1.5 	 5.01758 
59.1045 	 1.6 	 6.6282 
59.1045 	 1.7 	 11.2114 
59.1045 	 1.8 	 19.3035 
59.1045 	 1.9 	 30.663 
59.1045 	 2 	 45.1841 
59.1045 	 2.1 	 61.9944 
59.1045 	 2.2 	 81.3368 
59.1045 	 2.3 	 102.537 
59.1045 	 2.4 	 124.832 
59.1045 	 2.5 	 148.374 

64.4776 	 0 	 8.16393 
64.4776 	 0.1 	 4.59048 
64.4776 	 0.2 	 2.10358 
64.4776 	 0.3 	 0.646446 
64.4776 	 0.4 	 0.218489 
64.4776 	 0.5 	 0.499945 
64.4776 	 0.6 	 2.08657 
64.4776 	 0.7 	 4.33494 
64.4776 	 0.8 	 7.9515 
64.4776 	 0.9 	 11.8351 
64.4776 	 1 	 16.6707 
64.4776 	 1.1 	 21.2598 
64.4776 	 1.2 	 13.3795 
64.4776 	 1.3 	 7.16537 
64.4776 	 1.4 	 4.52142 
64.4776 	 1.5 	 4.97365 
64.4776 	 1.6 	 6.36632 
64.4776 	 1.7 	 10.866 
64.4776 	 1.8 	 18.7775 
64.4776 	 1.9 	 29.9984 
64.4776 	 2 	 44.1928 
64.4776 	 2.1 	 60.7944 
64.4776 	 2.2 	 79.897 
64.4776 	 2.3 	 100.748 
64.4776 	 2.4 	 123.208 
64.4776 	 2.5 	 147.094 

69.8507 	 0 	 8.449 
69.8507 	 0.1 	 4.84421 
69.8507 	 0.2 	 2.32818 
69.8507 	 0.3 	 0.753663 
69.8507 	 0.4 	 0.203421 
69.8507 	 0.5 	 0.410771 
69.8507 	 0.6 	 1.56201 
69.8507 	 0.7 	 4.08119 
69.8507 	 0.8 	 6.98891 
69.8507 	 0.9 	 11.3271 
69.8507 	 1 	 15.2973 
69.8507 	 1.1 	 20.2685 
69.8507 	 1.2 	 14.545 
69.8507 	 1.3 	 7.62229 
69.8507 	 1.4 	 4.61395 
69.8507 	 1.5 	 5.12354 
69.8507 	 1.6 	 6.63301 
69.8507 	 1.7 	 10.7275 
69.8507 	 1.8 	 18.5148 
69.8507 	 1.9 	 29.5337 
69.8507 	 2 	 43.8407 
69.8507 	 2.1 	 60.4654 
69.8507 	 2.2 	 79.2716 
69.8507 	 2.3 	 99.7724 
69.8507 	 2.4 	 121.868 
69.8507 	 2.5 	 145.423 

75.2239 	 0 	 8.65949 
75.2239 	 0.1 	 5.07948 
75.2239 	 0.2 	 2.50799 
75.2239 	 0.3 	 0.870372 
75.2239 	 0.4 	 0.227059 
75.2239 	 0.5 	 0.308475 
75.2239 	 0.6 	 1.43252 
75.2239 	 0.7 	 3.34916 
75.2239 	 0.8 	 6.63418 
75.2239 	 0.9 	 10.008 
75.2239 	 1 	 14.8189 
75.2239 	 1.1 	 18.7946 
75.2239 	 1.2 	 15.0373 
75.2239 	 1.3 	 7.96235 
75.2239 	 1.4 	 4.66001 
75.2239 	 1.5 	 4.84317 
75.2239 	 1.6 	 5.9969 
75.2239 	 1.7 	 9.92722 
75.2239 	 1.8 	 17.4401 
75.2239 	 1.9 	 28.2553 
75.2239 	 2 	 42.2647 
75.2239 	 2.1 	 58.6215 
75.2239 	 2.2 	 77.5514 
75.2239 	 2.3 	 98.4291 
75.2239 	 2.4 	 120.828 
75.2239 	 2.5 	 144.518 

80.597 	 0 	 8.7911 
80.597 	 0.1 	 5.24647 
80.597 	 0.2 	 2.67778 
80.597 	 0.3 	 0.974179 
80.597 	 0.4 	 0.238114 
80.597 	 0.5 	 0.220607 
80.597 	 0.6 	 1.12046 
80.597 	 0.7 	 3.10716 
80.597 	 0.8 	 5.72443 
80.597 	 0.9 	 9.51246 
80.597 	 1 	 13.3061 
80.597 	 1.1 	 18.187 
80.597 	 1.2 	 16.3367 
80.597 	 1.3 	 8.61259 
80.597 	 1.4 	 5.00076 
80.597 	 1.5 	 5.27376 
80.597 	 1.6 	 6.45967 
80.597 	 1.7 	 10.152 
80.597 	 1.8 	 17.3951 
80.597 	 1.9 	 27.9525 
80.597 	 2 	 41.57 
80.597 	 2.1 	 57.6286 
80.597 	 2.2 	 76.2424 
80.597 	 2.3 	 96.74 
80.597 	 2.4 	 118.774 
80.597 	 2.5 	 142.324 

85.9701 	 0 	 8.84174 
85.9701 	 0.1 	 5.36553 
85.9701 	 0.2 	 2.8037 
85.9701 	 0.3 	 1.06647 
85.9701 	 0.4 	 0.270585 
85.9701 	 0.5 	 0.205983 
85.9701 	 0.6 	 0.941875 
85.9701 	 0.7 	 2.6553 
85.9701 	 0.8 	 5.31347 
85.9701 	 0.9 	 8.53644 
85.9701 	 1 	 12.6529 
85.9701 	 1.1 	 16.6541 
85.9701 	 1.2 	 17.0281 
85.9701 	 1.3 	 9.0142 
85.9701 	 1.4 	 4.98507 
85.9701 	 1.5 	 4.8591 
85.9701 	 1.6 	 5.82236 
85.9701 	 1.7 	 9.11341 
85.9701 	 1.8 	 16.1829 
85.9701 	 1.9 	 26.5393 
85.9701 	 2 	 40.1953 
85.9701 	 2.1 	 56.4013 
85.9701 	 2.2 	 75.1245 
85.9701 	 2.3 	 95.9391 
85.9701 	 2.4 	 117.615 
85.9701 	 2.5 	 140.803 

91.3433 	 0 	 8.81155 
91.3433 	 0.1 	 5.4307 
91.3433 	 0.2 	 2.89301 
91.3433 	 0.3 	 1.15315 
91.3433 	 0.4 	 0.29398 
91.3433 	 0.5 	 0.145785 
91.3433 	 0.6 	 0.830578 
91.3433 	 0.7 	 2.34533 
91.3433 	 0.8 	 4.77784 
91.3433 	 0.9 	 7.95217 
91.3433 	 1 	 11.6766 
91.3433 	 1.1 	 15.8251 
91.3433 	 1.2 	 18.4036 
91.3433 	 1.3 	 9.82118 
91.3433 	 1.4 	 5.54861 
91.3433 	 1.5 	 5.22194 
91.3433 	 1.6 	 5.92984 
91.3433 	 1.7 	 8.92657 
91.3433 	 1.8 	 15.6502 
91.3433 	 1.9 	 25.7043 
91.3433 	 2 	 38.9718 
91.3433 	 2.1 	 54.7987 
91.3433 	 2.2 	 73.1886 
91.3433 	 2.3 	 93.6665 
91.3433 	 2.4 	 115.617 
91.3433 	 2.5 	 139.146 

96.7164 	 0 	 8.70287 
96.7164 	 0.1 	 5.42646 
96.7164 	 0.2 	 2.9518 
96.7164 	 0.3 	 1.2006 
96.7164 	 0.4 	 0.31805 
96.7164 	 0.5 	 0.160858 
96.7164 	 0.6 	 0.634804 
96.7164 	 0.7 	 2.18506 
96.7164 	 0.8 	 4.31452 
96.7164 	 0.9 	 7.42407 
96.7164 	 1 	 10.8603 
96.7164 	 1.1 	 14.8678 
96.7164 	 1.2 	 18.9243 
96.7164 	 1.3 	 10.3347 
96.7164 	 1.4 	 5.52263 
96.7164 	 1.5 	 4.74376 
96.7164 	 1.6 	 5.76045 
96.7164 	 1.7 	 8.4674 
96.7164 	 1.8 	 14.9816 
96.7164 	 1.9 	 24.9057 
96.7164 	 2 	 38.1639 
96.7164 	 2.1 	 54.1971 
96.7164 	 2.2 	 72.2471 
96.7164 	 2.3 	 92.2967 
96.7164 	 2.4 	 113.894 
96.7164 	 2.5 	 137.071 

102.09 	 0 	 8.52009 
102.09 	 0.1 	 5.37323 
102.09 	 0.2 	 2.94597 
102.09 	 0.3 	 1.24705 
102.09 	 0.4 	 0.342894 
102.09 	 0.5 	 0.12793 
102.09 	 0.6 	 0.650131 
102.09 	 0.7 	 1.8281 
102.09 	 0.8 	 4.14327 
102.09 	 0.9 	 6.74717 
102.09 	 1 	 10.4176 
102.09 	 1.1 	 13.8472 
102.09 	 1.2 	 17.7331 
102.09 	 1.3 	 11.256 
102.09 	 1.4 	 6.17907 
102.09 	 1.5 	 4.88656 
102.09 	 1.6 	 5.62057 
102.09 	 1.7 	 7.91634 
102.09 	 1.8 	 14.0845 
102.09 	 1.9 	 23.5926 
102.09 	 2 	 36.432 
102.09 	 2.1 	 52.0447 
102.09 	 2.2 	 70.1824 
102.09 	 2.3 	 90.6249 
102.09 	 2.4 	 112.471 
102.09 	 2.5 	 135.96 

107.463 	 0 	 8.26943 
107.463 	 0.1 	 5.25458 
107.463 	 0.2 	 2.91519 
107.463 	 0.3 	 1.24874 
107.463 	 0.4 	 0.351274 
107.463 	 0.5 	 0.140619 
107.463 	 0.6 	 0.468547 
107.463 	 0.7 	 1.88432 
107.463 	 0.8 	 3.61156 
107.463 	 0.9 	 6.6575 
107.463 	 1 	 9.44908 
107.463 	 1.1 	 13.4468 
107.463 	 1.2 	 16.7452 
107.463 	 1.3 	 11.9282 
107.463 	 1.4 	 6.29153 
107.463 	 1.5 	 4.67831 
107.463 	 1.6 	 5.74466 
107.463 	 1.7 	 8.02938 
107.463 	 1.8 	 13.8906 
107.463 	 1.9 	 23.2941 
107.463 	 2 	 35.7309 
107.463 	 2.1 	 50.9699 
107.463 	 2.2 	 68.7517 
107.463 	 2.3 	 88.7488 
107.463 	 2.4 	 110.251 
107.463 	 2.5 	 133.401 

112.836 	 0 	 7.95263 
112.836 	 0.1 	 5.08639 
112.836 	 0.2 	 2.83753 
112.836 	 0.3 	 1.23687 
112.836 	 0.4 	 0.365055 
112.836 	 0.5 	 0.119723 
112.836 	 0.6 	 0.557646 
112.836 	 0.7 	 1.51845 
112.836 	 0.8 	 3.73536 
112.836 	 0.9 	 5.87807 
112.836 	 1 	 9.52041 
112.836 	 1.1 	 12.2575 
112.836 	 1.2 	 16.0968 
112.836 	 1.3 	 12.9167 
112.836 	 1.4 	 6.92032 
112.836 	 1.5 	 4.67992 
112.836 	 1.6 	 5.37828 
112.836 	 1.7 	 7.16207 
112.836 	 1.8 	 12.6308 
112.836 	 1.9 	 21.6772 
112.836 	 2 	 34.0575 
112.836 	 2.1 	 49.4382 
112.836 	 2.2 	 67.2992 
112.836 	 2.3 	 87.5479 
112.836 	 2.4 	 109.157 
112.836 	 2.5 	 131.957 

118.209 	 0 	 7.56139 
118.209 	 0.1 	 4.85285 
118.209 	 0.2 	 2.72036 
118.209 	 0.3 	 1.19957 
118.209 	 0.4 	 0.356393 
118.209 	 0.5 	 0.131708 
118.209 	 0.6 	 0.40738 
118.209 	 0.7 	 1.69445 
118.209 	 0.8 	 3.17271 
118.209 	 0.9 	 6.075 
118.209 	 1 	 8.40536 
118.209 	 1.1 	 12.3687 
118.209 	 1.2 	 14.9472 
118.209 	 1.3 	 13.7863 
118.209 	 1.4 	 7.18684 
118.209 	 1.5 	 4.7985 
118.209 	 1.6 	 5.71409 
118.209 	 1.7 	 7.24199 
118.209 	 1.8 	 12.3518 
118.209 	 1.9 	 20.9953 
118.209 	 2 	 32.9508 
118.209 	 2.1 	 47.9334 
118.209 	 2.2 	 65.4415 
118.209 	 2.3 	 85.2787 
118.209 	 2.4 	 106.766 
118.209 	 2.5 	 129.875 

123.582 	 0 	 7.13099 
123.582 	 0.1 	 4.56759 
123.582 	 0.2 	 2.5513 
123.582 	 0.3 	 1.12925 
123.582 	 0.4 	 0.354459 
123.582 	 0.5 	 0.113394 
123.582 	 0.6 	 0.536874 
123.582 	 0.7 	 1.38294 
123.582 	 0.8 	 3.44165 
123.582 	 0.9 	 5.31371 
123.582 	 1 	 8.50917 
123.582 	 1.1 	 11.045 
123.582 	 1.2 	 14.7996 
123.582 	 1.3 	 14.7939 
123.582 	 1.4 	 7.82072 
123.582 	 1.5 	 4.72188 
123.582 	 1.6 	 5.21178 
123.582 	 1.7 	 6.69747 
123.582 	 1.8 	 11.4444 
123.582 	 1.9 	 20.015 
123.582 	 2 	 31.9151 
123.582 	 2.1 	 47.0505 
123.582 	 2.2 	 64.6157 
123.582 	 2.3 	 84.1826 
123.582 	 2.4 	 105.333 
123.582 	 2.5 	 128.113 

128.955 	 0 	 6.67177 
128.955 	 0.1 	 4.25454 
128.955 	 0.2 	 2.35084 
128.955 	 0.3 	 1.01936 
128.955 	 0.4 	 0.319057 
128.955 	 0.5 	 0.132364 
128.955 	 0.6 	 0.423328 
128.955 	 0.7 	 1.63216 
128.955 	 0.8 	 2.9665 
128.955 	 0.9 	 5.44999 
128.955 	 1 	 7.70493 
128.955 	 1.1 	 11.0875 
128.955 	 1.2 	 13.5207 
128.955 	 1.3 	 15.8484 
128.955 	 1.4 	 8.30649 
128.955 	 1.5 	 5.15254 
128.955 	 1.6 	 5.31795 
128.955 	 1.7 	 6.45482 
128.955 	 1.8 	 10.8376 
128.955 	 1.9 	 18.9865 
128.955 	 2 	 30.4568 
128.955 	 2.1 	 45.1747 
128.955 	 2.2 	 62.3914 
128.955 	 2.3 	 82.0237 
128.955 	 2.4 	 103.523 
128.955 	 2.5 	 126.579 

134.328 	 0 	 6.19408 
134.328 	 0.1 	 3.9078 
134.328 	 0.2 	 2.13574 
134.328 	 0.3 	 0.901537 
134.328 	 0.4 	 0.270216 
134.328 	 0.5 	 0.112511 
134.328 	 0.6 	 0.563816 
134.328 	 0.7 	 1.3975 
134.328 	 0.8 	 3.17337 
134.328 	 0.9 	 5.00754 
134.328 	 1 	 7.75055 
134.328 	 1.1 	 10.1867 
134.328 	 1.2 	 13.5667 
134.328 	 1.3 	 15.5494 
134.328 	 1.4 	 8.94727 
134.328 	 1.5 	 5.02502 
134.328 	 1.6 	 5.2272 
134.328 	 1.7 	 6.54738 
134.328 	 1.8 	 10.5662 
134.328 	 1.9 	 18.6581 
134.328 	 2 	 30.0675 
134.328 	 2.1 	 44.4974 
134.328 	 2.2 	 61.3335 
134.328 	 2.3 	 80.6561 
134.328 	 2.4 	 101.817 
134.328 	 2.5 	 124.567 

139.701 	 0 	 5.68984 
139.701 	 0.1 	 3.54379 
139.701 	 0.2 	 1.89187 
139.701 	 0.3 	 0.773866 
139.701 	 0.4 	 0.232332 
139.701 	 0.5 	 0.150132 
139.701 	 0.6 	 0.50621 
139.701 	 0.7 	 1.60186 
139.701 	 0.8 	 2.93895 
139.701 	 0.9 	 5.10132 
139.701 	 1 	 7.31834 
139.701 	 1.1 	 10.1715 
139.701 	 1.2 	 12.4437 
139.701 	 1.3 	 15.0223 
139.701 	 1.4 	 9.66036 
139.701 	 1.5 	 5.32566 
139.701 	 1.6 	 5.10733 
139.701 	 1.7 	 6.00462 
139.701 	 1.8 	 9.66604 
139.701 	 1.9 	 17.3168 
139.701 	 2 	 28.3102 
139.701 	 2.1 	 42.6967 
139.701 	 2.2 	 59.6821 
139.701 	 2.3 	 79.1014 
139.701 	 2.4 	 100.605 
139.701 	 2.5 	 123.596 

145.075 	 0 	 5.17707 
145.075 	 0.1 	 3.1736 
145.075 	 0.2 	 1.65651 
145.075 	 0.3 	 0.640569 
145.075 	 0.4 	 0.196379 
145.075 	 0.5 	 0.143798 
145.075 	 0.6 	 0.635714 
145.075 	 0.7 	 1.52172 
145.075 	 0.8 	 3.11399 
145.075 	 0.9 	 4.94983 
145.075 	 1 	 7.30327 
145.075 	 1.1 	 9.65234 
145.075 	 1.2 	 12.4645 
145.075 	 1.3 	 14.1877 
145.075 	 1.4 	 10.3105 
145.075 	 1.5 	 5.59077 
145.075 	 1.6 	 5.26404 
145.075 	 1.7 	 6.23792 
145.075 	 1.8 	 9.66315 
145.075 	 1.9 	 16.9795 
145.075 	 2 	 27.6795 
145.075 	 2.1 	 41.7871 
145.075 	 2.2 	 58.3849 
145.075 	 2.3 	 77.5228 
145.075 	 2.4 	 98.6877 
145.075 	 2.5 	 121.399 

150.448 	 0 	 4.66425 
150.448 	 0.1 	 2.79381 
150.448 	 0.2 	 1.41052 
150.448 	 0.3 	 0.518636 
150.448 	 0.4 	 0.171838 
150.448 	 0.5 	 0.179697 
150.448 	 0.6 	 0.665932 
150.448 	 0.7 	 1.70912 
150.448 	 0.8 	 3.10194 
150.448 	 0.9 	 5.0068 
150.448 	 1 	 7.21575 
150.448 	 1.1 	 9.59235 
150.448 	 1.2 	 11.685 
150.448 	 1.3 	 13.9132 
150.448 	 1.4 	 11.1173 
150.448 	 1.5 	 5.75779 
150.448 	 1.6 	 4.89958 
150.448 	 1.7 	 5.88489 
150.448 	 1.8 	 8.86449 
150.448 	 1.9 	 16.0367 
150.448 	 2 	 26.5643 
150.448 	 2.1 	 40.5661 
150.448 	 2.2 	 57.3835 
150.448 	 2.3 	 76.5872 
150.448 	 2.4 	 98.0879 
150.448 	 2.5 	 120.587 

155.821 	 0 	 4.15174 
155.821 	 0.1 	 2.42964 
155.821 	 0.2 	 1.16867 
155.821 	 0.3 	 0.39825 
155.821 	 0.4 	 0.155742 
155.821 	 0.5 	 0.23344 
155.821 	 0.6 	 0.794095 
155.821 	 0.7 	 1.78837 
155.821 	 0.8 	 3.25327 
155.821 	 0.9 	 5.13101 
155.821 	 1 	 7.14174 
155.821 	 1.1 	 9.40858 
155.821 	 1.2 	 11.705 
155.821 	 1.3 	 13.133 
155.821 	 1.4 	 11.8789 
155.821 	 1.5 	 6.11759 
155.821 	 1.6 	 4.90596 
155.821 	 1.7 	 5.75048 
155.821 	 1.8 	 8.55816 
155.821 	 1.9 	 15.4369 
155.821 	 2 	 25.697 
155.821 	 2.1 	 39.4608 
155.821 	 2.2 	 55.8983 
155.821 	 2.3 	 74.8544 
155.821 	 2.4 	 96.0191 
155.821 	 2.5 	 118.686 

161.194 	 0 	 3.6568 
161.194 	 0.1 	 2.06629 
161.194 	 0.2 	 0.939599 
161.194 	 0.3 	 0.301937 
161.194 	 0.4 	 0.135904 
161.194 	 0.5 	 0.286595 
161.194 	 0.6 	 0.928165 
161.194 	 0.7 	 1.96962 
161.194 	 0.8 	 3.46047 
161.194 	 0.9 	 5.15076 
161.194 	 1 	 7.37062 
161.194 	 1.1 	 9.32069 
161.194 	 1.2 	 11.2089 
161.194 	 1.3 	 13.0303 
161.194 	 1.4 	 12.5118 
161.194 	 1.5 	 6.43237 
161.194 	 1.6 	 4.86452 
161.194 	 1.7 	 5.98344 
161.194 	 1.8 	 8.44941 
161.194 	 1.9 	 15.079 
161.194 	 2 	 25.2629 
161.194 	 2.1 	 38.8961 
161.194 	 2.2 	 55.5569 
161.194 	 2.3 	 74.5305 
161.194 	 2.4 	 95.4323 
161.194 	 2.5 	 117.803 

166.567 	 0 	 3.18283 
166.567 	 0.1 	 1.73247 
166.567 	 0.2 	 0.733655 
166.567 	 0.3 	 0.215579 
166.567 	 0.4 	 0.131332 
166.567 	 0.5 	 0.420111 
166.567 	 0.6 	 1.07594 
166.567 	 0.7 	 2.21388 
166.567 	 0.8 	 3.58943 
166.567 	 0.9 	 5.53934 
166.567 	 1 	 7.24442 
166.567 	 1.1 	 9.4232 
166.567 	 1.2 	 11.2556 
166.567 	 1.3 	 12.35 
166.567 	 1.4 	 12.3219 
166.567 	 1.5 	 6.53717 
166.567 	 1.6 	 4.65904 
166.567 	 1.7 	 5.52064 
166.567 	 1.8 	 7.84965 
166.567 	 1.9 	 14.3271 
166.567 	 2 	 24.1905 
166.567 	 2.1 	 37.6347 
166.567 	 2.2 	 53.9293 
166.567 	 2.3 	 72.7129 
166.567 	 2.4 	 93.8689 
166.567 	 2.5 	 116.482 

171.94 	 0 	 2.73357 
171.94 	 0.1 	 1.41115 
171.94 	 0.2 	 0.548634 
171.94 	 0.3 	 0.164833 
171.94 	 0.4 	 0.179873 
171.94 	 0.5 	 0.50533 
171.94 	 0.6 	 1.32975 
171.94 	 0.7 	 2.39597 
171.94 	 0.8 	 4.01837 
171.94 	 0.9 	 5.52404 
171.94 	 1 	 7.76158 
171.94 	 1.1 	 9.32183 
171.94 	 1.2 	 10.9791 
171.94 	 1.3 	 12.3342 
171.94 	 1.4 	 11.7193 
171.94 	 1.5 	 6.62766 
171.94 	 1.6 	 4.71026 
171.94 	 1.7 	 5.63338 
171.94 	 1.8 	 8.04608 
171.94 	 1.9 	 14.4291 
171.94 	 2 	 24.267 
171.94 	 2.1 	 37.6423 
171.94 	 2.2 	 53.6917 
171.94 	 2.3 	 72.337 
171.94 	 2.4 	 93.2478 
171.94 	 2.5 	 115.594 

177.313 	 0 	 2.32026 
177.313 	 0.1 	 1.1245 
177.313 	 0.2 	 0.390798 
177.313 	 0.3 	 0.132701 
177.313 	 0.4 	 0.217842 
177.313 	 0.5 	 0.739779 
177.313 	 0.6 	 1.50562 
177.313 	 0.7 	 2.81803 
177.313 	 0.8 	 4.12668 
177.313 	 0.9 	 6.16986 
177.313 	 1 	 7.59433 
177.313 	 1.1 	 9.6671 
177.313 	 1.2 	 11.0833 
177.313 	 1.3 	 11.7934 
177.313 	 1.4 	 11.2919 
177.313 	 1.5 	 6.65931 
177.313 	 1.6 	 4.6886 
177.313 	 1.7 	 5.54375 
177.313 	 1.8 	 7.53788 
177.313 	 1.9 	 13.5846 
177.313 	 2 	 23.1859 
177.313 	 2.1 	 36.3453 
177.313 	 2.2 	 52.5214 
177.313 	 2.3 	 71.1487 
177.313 	 2.4 	 92.2086 
177.313 	 2.5 	 114.865 

182.687 	 0 	 1.93789 
182.687 	 0.1 	 0.871979 
182.687 	 0.2 	 0.269604 
182.687 	 0.3 	 0.130715 
182.687 	 0.4 	 0.363475 
182.687 	 0.5 	 0.867154 
182.687 	 0.6 	 1.89922 
182.687 	 0.7 	 3.00358 
182.687 	 0.8 	 4.78474 
182.687 	 0.9 	 6.12225 
182.687 	 1 	 8.3724 
182.687 	 1.1 	 9.56584 
182.687 	 1.2 	 10.9611 
182.687 	 1.3 	 11.7877 
182.687 	 1.4 	 10.6977 
182.687 	 1.5 	 6.65445 
182.687 	 1.6 	 4.51103 
182.687 	 1.7 	 5.3108 
182.687 	 1.8 	 7.41481 
182.687 	 1.9 	 13.5278 
182.687 	 2 	 23.0888 
182.687 	 2.1 	 36.2506 
182.687 	 2.2 	 52.2102 
182.687 	 2.3 	 70.752 
182.687 	 2.4 	 91.6767 
182.687 	 2.5 	 114.009 

188.06 	 0 	 1.59804 
188.06 	 0.1 	 0.652073 
188.06 	 0.2 	 0.182557 
188.06 	 0.3 	 0.138093 
188.06 	 0.4 	 0.459137 
188.06 	 0.5 	 1.22192 
188.06 	 0.6 	 2.10522 
188.06 	 0.7 	 3.62219 
188.06 	 0.8 	 4.87178 
188.06 	 0.9 	 7.02186 
188.06 	 1 	 8.17796 
188.06 	 1.1 	 10.115 
188.06 	 1.2 	 11.1565 
188.06 	 1.3 	 11.4 
188.06 	 1.4 	 10.3286 
188.06 	 1.5 	 6.51621 
188.06 	 1.6 	 4.51572 
188.06 	 1.7 	 5.62439 
188.06 	 1.8 	 7.61234 
188.06 	 1.9 	 13.3007 
188.06 	 2 	 22.6963 
188.06 	 2.1 	 35.6155 
188.06 	 2.2 	 51.7048 
188.06 	 2.3 	 70.1989 
188.06 	 2.4 	 91.1768 
188.06 	 2.5 	 113.882 

193.433 	 0 	 1.29298 
193.433 	 0.1 	 0.471368 
193.433 	 0.2 	 0.131001 
193.433 	 0.3 	 0.21835 
193.433 	 0.4 	 0.712567 
193.433 	 0.5 	 1.39525 
193.433 	 0.6 	 2.65916 
193.433 	 0.7 	 3.80629 
193.433 	 0.8 	 5.76979 
193.433 	 0.9 	 6.94295 
193.433 	 1 	 9.16279 
193.433 	 1.1 	 10.0376 
193.433 	 1.2 	 11.0836 
193.433 	 1.3 	 11.3585 
193.433 	 1.4 	 9.78001 
193.433 	 1.5 	 6.1677 
193.433 	 1.6 	 4.55188 
193.433 	 1.7 	 5.27005 
193.433 	 1.8 	 7.16721 
193.433 	 1.9 	 13.0693 
193.433 	 2 	 22.4354 
193.433 	 2.1 	 35.433 
193.433 	 2.2 	 51.3385 
193.433 	 2.3 	 69.8029 
193.433 	 2.4 	 90.7018 
193.433 	 2.5 	 113.085 

198.806 	 0 	 1.02931 
198.806 	 0.1 	 0.331687 
198.806 	 0.2 	 0.112315 
198.806 	 0.3 	 0.301031 
198.806 	 0.4 	 0.872794 
198.806 	 0.5 	 1.88397 
198.806 	 0.6 	 2.89034 
198.806 	 0.7 	 4.64111 
198.806 	 0.8 	 5.83024 
198.806 	 0.9 	 8.09546 
198.806 	 1 	 8.98307 
198.806 	 1.1 	 10.716 
198.806 	 1.2 	 11.4446 
198.806 	 1.3 	 11.1725 
198.806 	 1.4 	 9.41273 
198.806 	 1.5 	 5.90098 
198.806 	 1.6 	 4.30927 
198.806 	 1.7 	 5.24566 
198.806 	 1.8 	 7.53401 
198.806 	 1.9 	 13.4668 
198.806 	 2 	 22.7221 
198.806 	 2.1 	 35.4545 
198.806 	 2.2 	 51.4957 
198.806 	 2.3 	 69.8862 
198.806 	 2.4 	 90.8017 
198.806 	 2.5 	 113.565 

204.179 	 0 	 0.808952 
204.179 	 0.1 	 0.228206 
204.179 	 0.2 	 0.109699 
204.179 	 0.3 	 0.475883 
204.179 	 0.4 	 1.21831 
204.179 	 0.5 	 2.10145 
204.179 	 0.6 	 3.61793 
204.179 	 0.7 	 4.8126 
204.179 	 0.8 	 6.98073 
204.179 	 0.9 	 7.98254 
204.179 	 1 	 10.1413 
204.179 	 1.1 	 10.7153 
204.179 	 1.2 	 11.3399 
204.179 	 1.3 	 11.021 
204.179 	 1.4 	 8.94727 
204.179 	 1.5 	 5.78887 
204.179 	 1.6 	 4.35386 
204.179 	 1.7 	 5.49816 
204.179 	 1.8 	 7.28421 
204.179 	 1.9 	 13.0251 
204.179 	 2 	 22.3019 
204.179 	 2.1 	 35.1914 
204.179 	 2.2 	 51.084 
204.179 	 2.3 	 69.5027 
204.179 	 2.4 	 90.3882 
204.179 	 2.5 	 112.841 

209.552 	 0 	 0.62683 
209.552 	 0.1 	 0.160695 
209.552 	 0.2 	 0.149331 
209.552 	 0.3 	 0.629692 
209.552 	 0.4 	 1.4451 
209.552 	 0.5 	 2.72291 
209.552 	 0.6 	 3.86702 
209.552 	 0.7 	 5.84722 
209.552 	 0.8 	 7.00305 
209.552 	 0.9 	 9.21648 
209.552 	 1 	 9.99619 
209.552 	 1.1 	 11.4646 
209.552 	 1.2 	 11.9174 
209.552 	 1.3 	 11.082 
209.552 	 1.4 	 8.53506 
209.552 	 1.5 	 5.29724 
209.552 	 1.6 	 4.31858 
209.552 	 1.7 	 5.13231 
209.552 	 1.8 	 7.33705 
209.552 	 1.9 	 13.4772 
209.552 	 2 	 23.0915 
209.552 	 2.1 	 35.8588 
209.552 	 2.2 	 51.8545 
209.552 	 2.3 	 70.219 
209.552 	 2.4 	 91.0967 
209.552 	 2.5 	 113.779 

214.925 	 0 	 0.479368 
214.925 	 0.1 	 0.123522 
214.925 	 0.2 	 0.187969 
214.925 	 0.3 	 0.821996 
214.925 	 0.4 	 1.81794 
214.925 	 0.5 	 2.98459 
214.925 	 0.6 	 4.71533 
214.925 	 0.7 	 6.02297 
214.925 	 0.8 	 8.11643 
214.925 	 0.9 	 9.23347 
214.925 	 1 	 11.2999 
214.925 	 1.1 	 11.5763 
214.925 	 1.2 	 11.7166 
214.925 	 1.3 	 10.7538 
214.925 	 1.4 	 8.18863 
214.925 	 1.5 	 5.22639 
214.925 	 1.6 	 4.13766 
214.925 	 1.7 	 5.42221 
214.925 	 1.8 	 7.74141 
214.925 	 1.9 	 13.4043 
214.925 	 2 	 22.6731 
214.925 	 2.1 	 35.5153 
214.925 	 2.2 	 51.4408 
214.925 	 2.3 	 69.8496 
214.925 	 2.4 	 90.7468 
214.925 	 2.5 	 113.283 

220.299 	 0 	 0.359799 
220.299 	 0.1 	 0.108524 
220.299 	 0.2 	 0.290359 
220.299 	 0.3 	 1.03578 
220.299 	 0.4 	 2.17686 
220.299 	 0.5 	 3.60066 
220.299 	 0.6 	 5.0301 
220.299 	 0.7 	 6.9886 
220.299 	 0.8 	 8.38436 
220.299 	 0.9 	 10.4173 
220.299 	 1 	 11.2004 
220.299 	 1.1 	 12.3503 
220.299 	 1.2 	 12.5063 
220.299 	 1.3 	 11.0076 
220.299 	 1.4 	 7.69654 
220.299 	 1.5 	 4.80171 
220.299 	 1.6 	 4.47063 
220.299 	 1.7 	 5.27105 
220.299 	 1.8 	 7.48189 
220.299 	 1.9 	 13.6745 
220.299 	 2 	 23.3102 
220.299 	 2.1 	 36.5194 
220.299 	 2.2 	 52.4642 
220.299 	 2.3 	 71.0358 
220.299 	 2.4 	 91.9374 
220.299 	 2.5 	 114.298 

225.672 	 0 	 0.254946 
225.672 	 0.1 	 0.105823 
225.672 	 0.2 	 0.365471 
225.672 	 0.3 	 1.26241 
225.672 	 0.4 	 2.54554 
225.672 	 0.5 	 4.03004 
225.672 	 0.6 	 5.80704 
225.672 	 0.7 	 7.42818 
225.672 	 0.8 	 9.41111 
225.672 	 0.9 	 10.6822 
225.672 	 1 	 12.5455 
225.672 	 1.1 	 12.595 
225.672 	 1.2 	 12.1882 
225.672 	 1.3 	 10.5414 
225.672 	 1.4 	 7.50043 
225.672 	 1.5 	 4.65353 
225.672 	 1.6 	 4.11721 
225.672 	 1.7 	 5.20575 
225.672 	 1.8 	 8.22923 
225.672 	 1.9 	 14.1884 
225.672 	 2 	 23.5248 
225.672 	 2.1 	 36.3836 
225.672 	 2.2 	 52.3902 
225.672 	 2.3 	 70.8285 
225.672 	 2.4 	 91.7655 
225.672 	 2.5 	 114.402 

231.045 	 0 	 0.174881 
231.045 	 0.1 	 0.109305 
231.045 	 0.2 	 0.497974 
231.045 	 0.3 	 1.48121 
231.045 	 0.4 	 3.0137 
231.045 	 0.5 	 4.58112 
231.045 	 0.6 	 6.36262 
231.045 	 0.7 	 8.28587 
231.045 	 0.8 	 9.95998 
231.045 	 0.9 	 11.7906 
231.045 	 1 	 12.5736 
231.045 	 1.1 	 13.3154 
231.045 	 1.2 	 12.803 
231.045 	 1.3 	 10.455 
231.045 	 1.4 	 6.90628 
231.045 	 1.5 	 4.41325 
231.045 	 1.6 	 4.26179 
231.045 	 1.7 	 5.6385 
231.045 	 1.8 	 7.94554 
231.045 	 1.9 	 14.2734 
231.045 	 2 	 24.0008 
231.045 	 2.1 	 37.2981 
231.045 	 2.2 	 53.3562 
231.045 	 2.3 	 72.0106 
231.045 	 2.4 	 93.0215 
231.045 	 2.5 	 115.47 

236.418 	 0 	 0.115532 
236.418 	 0.1 	 0.105495 
236.418 	 0.2 	 0.607131 
236.418 	 0.3 	 1.72161 
236.418 	 0.4 	 3.28422 
236.418 	 0.5 	 4.89449 
236.418 	 0.6 	 7.02466 
236.418 	 0.7 	 9.00877 
236.418 	 0.8 	 10.8636 
236.418 	 0.9 	 12.3083 
236.418 	 1 	 13.8903 
236.418 	 1.1 	 13.7417 
236.418 	 1.2 	 12.7284 
236.418 	 1.3 	 10.3716 
236.418 	 1.4 	 6.88399 
236.418 	 1.5 	 4.21131 
236.418 	 1.6 	 4.26413 
236.418 	 1.7 	 5.20615 
236.418 	 1.8 	 8.43311 
236.418 	 1.9 	 15.347 
236.418 	 2 	 24.826 
236.418 	 2.1 	 37.7657 
236.418 	 2.2 	 53.903 
236.418 	 2.3 	 72.4116 
236.418 	 2.4 	 93.4187 
236.418 	 2.5 	 116.175 

241.791 	 0 	 0.0730184 
241.791 	 0.1 	 0.0812888 
241.791 	 0.2 	 0.639337 
241.791 	 0.3 	 1.66558 
241.791 	 0.4 	 3.0601 
241.791 	 0.5 	 4.96861 
241.791 	 0.6 	 6.83848 
241.791 	 0.7 	 9.38698 
241.791 	 0.8 	 11.5054 
241.791 	 0.9 	 13.3122 
241.791 	 1 	 14.0881 
241.791 	 1.1 	 14.3549 
241.791 	 1.2 	 13.0433 
241.791 	 1.3 	 9.91487 
241.791 	 1.4 	 6.17863 
241.791 	 1.5 	 4.13637 
241.791 	 1.6 	 4.18939 
241.791 	 1.7 	 5.83092 
241.791 	 1.8 	 8.70414 
241.791 	 1.9 	 15.2447 
241.791 	 2 	 25.1299 
241.791 	 2.1 	 38.5713 
241.791 	 2.2 	 54.7876 
241.791 	 2.3 	 73.5607 
241.791 	 2.4 	 94.6782 
241.791 	 2.5 	 117.261 

247.164 	 0 	 0.0437848 
247.164 	 0.1 	 0.0648053 
247.164 	 0.2 	 0.570692 
247.164 	 0.3 	 1.5986 
247.164 	 0.4 	 3.13434 
247.164 	 0.5 	 4.79503 
247.164 	 0.6 	 7.07218 
247.164 	 0.7 	 9.21951 
247.164 	 0.8 	 12.1639 
247.164 	 0.9 	 14.0839 
247.164 	 1 	 15.3577 
247.164 	 1.1 	 14.9824 
247.164 	 1.2 	 13.3095 
247.164 	 1.3 	 9.86186 
247.164 	 1.4 	 6.29984 
247.164 	 1.5 	 3.90233 
247.164 	 1.6 	 4.54775 
247.164 	 1.7 	 5.43144 
247.164 	 1.8 	 8.9353 
247.164 	 1.9 	 16.1307 
247.164 	 2 	 26.5407 
247.164 	 2.1 	 39.6237 
247.164 	 2.2 	 55.9408 
247.164 	 2.3 	 74.5608 
247.164 	 2.4 	 95.6687 
247.164 	 2.5 	 118.547 

252.537 	 0 	 0.0248424 
252.537 	 0.1 	 0.0576348 
252.537 	 0.2 	 0.503936 
252.537 	 0.3 	 1.52253 
252.537 	 0.4 	 2.96696 
252.537 	 0.5 	 4.96053 
252.537 	 0.6 	 6.97656 
252.537 	 0.7 	 9.68768 
252.537 	 0.8 	 12.0337 
252.537 	 0.9 	 14.9525 
252.537 	 1 	 15.7107 
252.537 	 1.1 	 15.4386 
252.537 	 1.2 	 13.286 
252.537 	 1.3 	 9.39404 
252.537 	 1.4 	 5.52981 
252.537 	 1.5 	 3.97876 
252.537 	 1.6 	 4.23499 
252.537 	 1.7 	 5.81215 
252.537 	 1.8 	 9.7336 
252.537 	 1.9 	 16.5563 
252.537 	 2 	 26.6596 
252.537 	 2.1 	 40.2969 
252.537 	 2.2 	 56.7138 
252.537 	 2.3 	 75.6395 
252.537 	 2.4 	 96.8842 
252.537 	 2.5 	 119.625 

257.91 	 0 	 0.0137397 
257.91 	 0.1 	 0.0486288 
257.91 	 0.2 	 0.468027 
257.91 	 0.3 	 1.51598 
257.91 	 0.4 	 3.0958 
257.91 	 0.5 	 4.8806 
257.91 	 0.6 	 7.32281 
257.91 	 0.7 	 9.65636 
257.91 	 0.8 	 12.8064 
257.91 	 0.9 	 15.2654 
257.91 	 1 	 16.9141 
257.91 	 1.1 	 16.2302 
257.91 	 1.2 	 13.5688 
257.91 	 1.3 	 9.03856 
257.91 	 1.4 	 5.64033 
257.91 	 1.5 	 3.72932 
257.91 	 1.6 	 4.87154 
257.91 	 1.7 	 5.87542 
257.91 	 1.8 	 9.7121 
257.91 	 1.9 	 17.2102 
257.91 	 2 	 28.0926 
257.91 	 2.1 	 41.9144 
257.91 	 2.2 	 58.4269 
257.91 	 2.3 	 77.2288 
257.91 	 2.4 	 98.4676 
257.91 	 2.5 	 121.466 

263.284 	 0 	 0.00877353 
263.284 	 0.1 	 0.0427351 
263.284 	 0.2 	 0.444665 
263.284 	 0.3 	 1.48351 
263.284 	 0.4 	 3.02452 
263.284 	 0.5 	 5.16365 
263.284 	 0.6 	 7.32643 
263.284 	 0.7 	 10.2547 
263.284 	 0.8 	 12.8188 
263.284 	 0.9 	 16.367 
263.284 	 1 	 17.4039 
263.284 	 1.1 	 16.5315 
263.284 	 1.2 	 13.5145 
263.284 	 1.3 	 8.89868 
263.284 	 1.4 	 4.9743 
263.284 	 1.5 	 3.94822 
263.284 	 1.6 	 4.39737 
263.284 	 1.7 	 6.01564 
263.284 	 1.8 	 10.9915 
263.284 	 1.9 	 18.152 
263.284 	 2 	 28.5478 
263.284 	 2.1 	 42.4268 
263.284 	 2.2 	 59.0832 
263.284 	 2.3 	 78.1926 
263.284 	 2.4 	 99.5846 
263.284 	 2.5 	 122.485 

268.657 	 0 	 0.00244819 
268.657 	 0.1 	 0.0382882 
268.657 	 0.2 	 0.42403 
268.657 	 0.3 	 1.55741 
268.657 	 0.4 	 3.18773 
268.657 	 0.5 	 5.15186 
268.657 	 0.6 	 7.81388 
268.657 	 0.7 	 10.3308 
268.657 	 0.8 	 13.7258 
268.657 	 0.9 	 16.4282 
268.657 	 1 	 18.5236 
268.657 	 1.1 	 17.3759 
268.657 	 1.2 	 13.2821 
268.657 	 1.3 	 8.26825 
268.657 	 1.4 	 5.086 
268.657 	 1.5 	 3.69244 
268.657 	 1.6 	 4.96361 
268.657 	 1.7 	 6.52663 
268.657 	 1.8 	 10.7379 
268.657 	 1.9 	 18.5833 
268.657 	 2 	 29.7637 
268.657 	 2.1 	 44.2152 
268.657 	 2.2 	 61.1136 
268.657 	 2.3 	 80.3608 
268.657 	 2.4 	 101.759 
268.657 	 2.5 	 124.893 

274.03 	 0 	 1.51636e-09 
274.03 	 0.1 	 0.0373083 
274.03 	 0.2 	 0.457269 
274.03 	 0.3 	 1.54967 
274.03 	 0.4 	 3.23579 
274.03 	 0.5 	 5.57851 
274.03 	 0.6 	 7.89185 
274.03 	 0.7 	 11.0825 
274.03 	 0.8 	 13.8584 
274.03 	 0.9 	 17.6442 
274.03 	 1 	 19.1249 
274.03 	 1.1 	 17.598 
274.03 	 1.2 	 13.2126 
274.03 	 1.3 	 8.3866 
274.03 	 1.4 	 4.52221 
274.03 	 1.5 	 4.04973 
274.03 	 1.6 	 4.69168 
274.03 	 1.7 	 6.42676 
274.03 	 1.8 	 11.7854 
274.03 	 1.9 	 20.008 
274.03 	 2 	 30.7495 
274.03 	 2.1 	 44.9088 
274.03 	 2.2 	 61.8292 
274.03 	 2.3 	 81.1586 
274.03 	 2.4 	 102.717 
274.03 	 2.5 	 125.766 

279.403 	 0 	 0.00329586 
279.403 	 0.1 	 0.038425 
279.403 	 0.2 	 0.441584 
279.403 	 0.3 	 1.69524 
279.403 	 0.4 	 3.41978 
279.403 	 0.5 	 5.61591 
279.403 	 0.6 	 8.5444 
279.403 	 0.7 	 11.2437 
279.403 	 0.8 	 14.9084 
279.403 	 0.9 	 17.8467 
279.403 	 1 	 20.1495 
279.403 	 1.1 	 18.0645 
279.403 	 1.2 	 12.9734 
279.403 	 1.3 	 7.56781 
279.403 	 1.4 	 4.64912 
279.403 	 1.5 	 3.74083 
279.403 	 1.6 	 5.00787 
279.403 	 1.7 	 7.37096 
279.403 	 1.8 	 11.9843 
279.403 	 1.9 	 20.2106 
279.403 	 2 	 31.7165 
279.403 	 2.1 	 46.4286 
279.403 	 2.2 	 63.6266 
279.403 	 2.3 	 83.3119 
279.403 	 2.4 	 104.822 
279.403 	 2.5 	 128.003 

284.776 	 0 	 0.00977791 
284.776 	 0.1 	 0.0419846 
284.776 	 0.2 	 0.478271 
284.776 	 0.3 	 1.73295 
284.776 	 0.4 	 3.6115 
284.776 	 0.5 	 6.0817 
284.776 	 0.6 	 8.67776 
284.776 	 0.7 	 12.1621 
284.776 	 0.8 	 15.1449 
284.776 	 0.9 	 19.1637 
284.776 	 1 	 20.7767 
284.776 	 1.1 	 18.5193 
284.776 	 1.2 	 12.4974 
284.776 	 1.3 	 7.55846 
284.776 	 1.4 	 4.17773 
284.776 	 1.5 	 4.28308 
284.776 	 1.6 	 4.99673 
284.776 	 1.7 	 7.02699 
284.776 	 1.8 	 12.7792 
284.776 	 1.9 	 21.7061 
284.776 	 2 	 33.2169 
284.776 	 2.1 	 47.687 
284.776 	 2.2 	 64.8647 
284.776 	 2.3 	 84.471 
284.776 	 2.4 	 106.213 
284.776 	 2.5 	 129.423 

290.149 	 0 	 0.0209952 
290.149 	 0.1 	 0.0463179 
290.149 	 0.2 	 0.536759 
290.149 	 0.3 	 1.88714 
290.149 	 0.4 	 3.80835 
290.149 	 0.5 	 6.28236 
290.149 	 0.6 	 9.5024 
290.149 	 0.7 	 12.3918 
290.149 	 0.8 	 16.3325 
290.149 	 0.9 	 19.5017 
290.149 	 1 	 21.7455 
290.149 	 1.1 	 18.6327 
290.149 	 1.2 	 12.3844 
290.149 	 1.3 	 6.94876 
290.149 	 1.4 	 4.33226 
290.149 	 1.5 	 3.87871 
290.149 	 1.6 	 5.01071 
290.149 	 1.7 	 8.14877 
290.149 	 1.8 	 13.4201 
290.149 	 1.9 	 22.0449 
290.149 	 2 	 33.8991 
290.149 	 2.1 	 48.8928 
290.149 	 2.2 	 66.4059 
290.149 	 2.3 	 86.3278 
290.149 	 2.4 	 108.009 
290.149 	 2.5 	 131.36 

295.522 	 0 	 0.0453218 
295.522 	 0.1 	 0.051399 
295.522 	 0.2 	 0.56938 
295.522 	 0.3 	 2.05313 
295.522 	 0.4 	 4.16609 
295.522 	 0.5 	 6.751 
295.522 	 0.6 	 9.6858 
295.522 	 0.7 	 13.4771 
295.522 	 0.8 	 16.6626 
295.522 	 0.9 	 20.8895 
295.522 	 1 	 22.3741 
295.522 	 1.1 	 18.5405 
295.522 	 1.2 	 11.8216 
295.522 	 1.3 	 6.83668 
295.522 	 1.4 	 3.93877 
295.522 	 1.5 	 4.5411 
295.522 	 1.6 	 5.41916 
295.522 	 1.7 	 7.79356 
295.522 	 1.8 	 13.9229 
295.522 	 1.9 	 23.2291 
295.522 	 2 	 35.8569 
295.522 	 2.1 	 50.7028 
295.522 	 2.2 	 68.1601 
295.522 	 2.3 	 88.0595 
295.522 	 2.4 	 110 
295.522 	 2.5 	 133.379 

300.896 	 0 	 0.0775041 
300.896 	 0.1 	 0.0588357 
300.896 	 0.2 	 0.631849 
300.896 	 0.3 	 2.20861 
300.896 	 0.4 	 4.37194 
300.896 	 0.5 	 7.15836 
300.896 	 0.6 	 10.5148 
300.896 	 0.7 	 13.7635 
300.896 	 0.8 	 17.9658 
300.896 	 0.9 	 21.3636 
300.896 	 1 	 23.2379 
300.896 	 1.1 	 18.1264 
300.896 	 1.2 	 11.4905 
300.896 	 1.3 	 6.41756 
300.896 	 1.4 	 4.14508 
300.896 	 1.5 	 4.064 
300.896 	 1.6 	 5.1391 
300.896 	 1.7 	 8.6476 
300.896 	 1.8 	 15.0107 
300.896 	 1.9 	 24.0099 
300.896 	 2 	 36.257 
300.896 	 2.1 	 51.5474 
300.896 	 2.2 	 69.3369 
300.896 	 2.3 	 89.5486 
300.896 	 2.4 	 111.412 
300.896 	 2.5 	 134.936 

306.269 	 0 	 0.12815 
306.269 	 0.1 	 0.0702779 
306.269 	 0.2 	 0.708611 
306.269 	 0.3 	 2.39532 
306.269 	 0.4 	 4.77724 
306.269 	 0.5 	 7.61736 
306.269 	 0.6 	 10.9095 
306.269 	 0.7 	 14.9743 
306.269 	 0.8 	 18.3845 
306.269 	 0.9 	 22.7753 
306.269 	 1 	 23.8844 
306.269 	 1.1 	 17.9251 
306.269 	 1.2 	 11.1971 
306.269 	 1.3 	 6.25394 
306.269 	 1.4 	 3.79749 
306.269 	 1.5 	 4.56957 
306.269 	 1.6 	 5.96563 
306.269 	 1.7 	 8.69954 
306.269 	 1.8 	 15.1812 
306.269 	 1.9 	 24.8788 
306.269 	 2 	 37.829 
306.269 	 2.1 	 53.4552 
306.269 	 2.2 	 71.6497 
306.269 	 2.3 	 91.8307 
306.269 	 2.4 	 113.952 
306.269 	 2.5 	 137.558 

311.642 	 0 	 0.199152 
311.642 	 0.1 	 0.0806895 
311.642 	 0.2 	 0.787563 
311.642 	 0.3 	 2.65499 
311.642 	 0.4 	 5.12556 
311.642 	 0.5 	 8.24305 
311.642 	 0.6 	 11.7316 
311.642 	 0.7 	 15.3356 
311.642 	 0.8 	 19.7642 
311.642 	 0.9 	 23.3928 
311.642 	 1 	 24.6464 
311.642 	 1.1 	 17.6417 
311.642 	 1.2 	 10.7333 
311.642 	 1.3 	 5.97699 
311.642 	 1.4 	 4.08067 
311.642 	 1.5 	 4.30484 
311.642 	 1.6 	 5.40398 
311.642 	 1.7 	 9.25065 
311.642 	 1.8 	 16.5469 
311.642 	 1.9 	 26.0967 
311.642 	 2 	 38.7346 
311.642 	 2.1 	 54.3308 
311.642 	 2.2 	 72.3949 
311.642 	 2.3 	 92.8994 
311.642 	 2.4 	 114.955 
311.642 	 2.5 	 138.651 

317.015 	 0 	 0.292586 
317.015 	 0.1 	 0.0928235 
317.015 	 0.2 	 0.782541 
317.015 	 0.3 	 2.51447 
317.015 	 0.4 	 5.23838 
317.015 	 0.5 	 8.68188 
317.015 	 0.6 	 12.33 
317.015 	 0.7 	 16.5594 
317.015 	 0.8 	 20.2721 
317.015 	 0.9 	 24.2595 
317.015 	 1 	 25.155 
317.015 	 1.1 	 17.1797 
317.015 	 1.2 	 10.6477 
317.015 	 1.3 	 5.81262 
317.015 	 1.4 	 3.74168 
317.015 	 1.5 	 4.62162 
317.015 	 1.6 	 6.38337 
317.015 	 1.7 	 9.71454 
317.015 	 1.8 	 16.5364 
317.015 	 1.9 	 26.5921 
317.015 	 2 	 39.8665 
317.015 	 2.1 	 55.75 
317.015 	 2.2 	 74.2346 
317.015 	 2.3 	 94.8018 
317.015 	 2.4 	 116.943 
317.015 	 2.5 	 140.724 

322.388 	 0 	 0.417662 
322.388 	 0.1 	 0.107759 
322.388 	 0.2 	 0.61323 
322.388 	 0.3 	 2.39822 
322.388 	 0.4 	 5.07348 
322.388 	 0.5 	 8.75441 
322.388 	 0.6 	 13.1134 
322.388 	 0.7 	 17.0718 
322.388 	 0.8 	 21.3899 
322.388 	 0.9 	 24.9229 
322.388 	 1 	 25.0261 
322.388 	 1.1 	 17.2078 
322.388 	 1.2 	 10.1262 
322.388 	 1.3 	 5.60678 
322.388 	 1.4 	 4.12616 
322.388 	 1.5 	 4.56849 
322.388 	 1.6 	 5.78491 
322.388 	 1.7 	 9.92709 
322.388 	 1.8 	 17.4836 
322.388 	 1.9 	 28.2463 
322.388 	 2 	 41.276 
322.388 	 2.1 	 57.1816 
322.388 	 2.2 	 75.5157 
322.388 	 2.3 	 96.2756 
322.388 	 2.4 	 118.561 
322.388 	 2.5 	 142.427 

327.761 	 0 	 0.570522 
327.761 	 0.1 	 0.112624 
327.761 	 0.2 	 0.459537 
327.761 	 0.3 	 2.13352 
327.761 	 0.4 	 4.74661 
327.761 	 0.5 	 8.38184 
327.761 	 0.6 	 12.8189 
327.761 	 0.7 	 17.1572 
327.761 	 0.8 	 21.2242 
327.761 	 0.9 	 24.8926 
327.761 	 1 	 25.0394 
327.761 	 1.1 	 16.5888 
327.761 	 1.2 	 10.1877 
327.761 	 1.3 	 5.5103 
327.761 	 1.4 	 3.7439 
327.761 	 1.5 	 4.64817 
327.761 	 1.6 	 6.44304 
327.761 	 1.7 	 10.8058 
327.761 	 1.8 	 17.949 
327.761 	 1.9 	 28.3053 
327.761 	 2 	 41.9137 
327.761 	 2.1 	 58.0521 
327.761 	 2.2 	 76.7732 
327.761 	 2.3 	 97.5947 
327.761 	 2.4 	 119.921 
327.761 	 2.5 	 143.86 

333.134 	 0 	 0.763734 
333.134 	 0.1 	 0.131329 
333.134 	 0.2 	 0.346541 
333.134 	 0.3 	 1.91102 
333.134 	 0.4 	 4.40274 
333.134 	 0.5 	 7.96431 
333.134 	 0.6 	 12.3428 
333.134 	 0.7 	 16.8459 
333.134 	 0.8 	 21.2639 
333.134 	 0.9 	 24.9655 
333.134 	 1 	 24.6488 
333.134 	 1.1 	 16.8587 
333.134 	 1.2 	 9.67776 
333.134 	 1.3 	 5.31385 
333.134 	 1.4 	 4.26453 
333.134 	 1.5 	 4.84529 
333.134 	 1.6 	 6.25942 
333.134 	 1.7 	 10.6459 
333.134 	 1.8 	 18.4367 
333.134 	 1.9 	 29.4896 
333.134 	 2 	 43.4715 
333.134 	 2.1 	 59.9489 
333.134 	 2.2 	 78.634 
333.134 	 2.3 	 99.6209 
333.134 	 2.4 	 122.127 
333.134 	 2.5 	 146.068 

338.507 	 0 	 0.989768 
338.507 	 0.1 	 0.175006 
338.507 	 0.2 	 0.235162 
338.507 	 0.3 	 1.70023 
338.507 	 0.4 	 4.1644 
338.507 	 0.5 	 7.68181 
338.507 	 0.6 	 11.9202 
338.507 	 0.7 	 16.3213 
338.507 	 0.8 	 20.9882 
338.507 	 0.9 	 25.1878 
338.507 	 1 	 24.8385 
338.507 	 1.1 	 16.1846 
338.507 	 1.2 	 9.83326 
338.507 	 1.3 	 5.34163 
338.507 	 1.4 	 3.79269 
338.507 	 1.5 	 4.69877 
338.507 	 1.6 	 6.55812 
338.507 	 1.7 	 11.7864 
338.507 	 1.8 	 19.38 
338.507 	 1.9 	 30.0051 
338.507 	 2 	 43.9177 
338.507 	 2.1 	 60.3047 
338.507 	 2.2 	 79.2446 
338.507 	 2.3 	 100.28 
338.507 	 2.4 	 122.816 
338.507 	 2.5 	 146.905 

343.881 	 0 	 1.26119 
343.881 	 0.1 	 0.24656 
343.881 	 0.2 	 0.188141 
343.881 	 0.3 	 1.38353 
343.881 	 0.4 	 3.74758 
343.881 	 0.5 	 7.11933 
343.881 	 0.6 	 11.3625 
343.881 	 0.7 	 15.9407 
343.881 	 0.8 	 20.4412 
343.881 	 0.9 	 24.8796 
343.881 	 1 	 24.4714 
343.881 	 1.1 	 16.5244 
343.881 	 1.2 	 9.3705 
343.881 	 1.3 	 5.11395 
343.881 	 1.4 	 4.41717 
343.881 	 1.5 	 5.18997 
343.881 	 1.6 	 6.79749 
343.881 	 1.7 	 11.3775 
343.881 	 1.8 	 19.3713 
343.881 	 1.9 	 30.6326 
343.881 	 2 	 44.8553 
343.881 	 2.1 	 61.5205 
343.881 	 2.2 	 80.724 
343.881 	 2.3 	 101.666 
343.881 	 2.4 	 124.247 
343.881 	 2.5 	 148.325 

349.254 	 0 	 1.56885 
349.254 	 0.1 	 0.353302 
349.254 	 0.2 	 0.157139 
349.254 	 0.3 	 1.08809 
349.254 	 0.4 	 3.36133 
349.254 	 0.5 	 6.63737 
349.254 	 0.6 	 10.6654 
349.254 	 0.7 	 15.305 
349.254 	 0.8 	 20.1082 
349.254 	 0.9 	 24.4675 
349.254 	 1 	 24.6812 
349.254 	 1.1 	 15.9583 
349.254 	 1.2 	 9.60111 
349.254 	 1.3 	 5.30025 
349.254 	 1.4 	 3.88408 
349.254 	 1.5 	 4.78369 
349.254 	 1.6 	 6.71346 
349.254 	 1.7 	 12.0492 
349.254 	 1.8 	 20.5344 
349.254 	 1.9 	 31.6491 
349.254 	 2 	 45.8301 
349.254 	 2.1 	 62.456 
349.254 	 2.2 	 81.5928 
349.254 	 2.3 	 102.834 
349.254 	 2.4 	 125.567 
349.254 	 2.5 	 149.794 

354.627 	 0 	 1.92159 
354.627 	 0.1 	 0.496508 
354.627 	 0.2 	 0.171671 
354.627 	 0.3 	 0.882603 
354.627 	 0.4 	 2.91017 
354.627 	 0.5 	 6.11195 
354.627 	 0.6 	 10.0841 
354.627 	 0.7 	 14.5375 
354.627 	 0.8 	 19.4995 
354.627 	 0.9 	 24.2133 
354.627 	 1 	 24.5468 
354.627 	 1.1 	 16.4601 
354.627 	 1.2 	 9.2456 
354.627 	 1.3 	 5.00984 
354.627 	 1.4 	 4.34945 
354.627 	 1.5 	 5.46716 
354.627 	 1.6 	 7.35076 
354.627 	 1.7 	 12.0948 
354.627 	 1.8 	 20.2565 
354.627 	 1.9 	 31.6725 
354.627 	 2 	 46.1203 
354.627 	 2.1 	 62.9415 
354.627 	 2.2 	 82.2972 
354.627 	 2.3 	 103.409 
354.627 	 2.4 	 126.165 
354.627 	 2.5 	 150.365 

360 	 0 	 2.30984 
360 	 0.1 	 0.674164 
360 	 0.2 	 0.197812 
360 	 0.3 	 0.621862 
360 	 0.4 	 2.44483 
360 	 0.5 	 5.39786 
360 	 0.6 	 9.33828 
360 	 0.7 	 13.9292 
360 	 0.8 	 18.6238 
360 	 0.9 	 23.6448 
360 	 1 	 24.8949 
360 	 1.1 	 15.9848 
360 	 1.2 	 9.49995 
360 	 1.3 	 5.38044 
360 	 1.4 	 4.00687 
360 	 1.5 	 4.9046 
360 	 1.6 	 6.897 
360 	 1.7 	 12.2703 
360 	 1.8 	 20.8284 
360 	 1.9 	 32.685 
360 	 2 	 47.2218 
360 	 2.1 	 64.2703 
360 	 2.2 	 83.7109 
360 	 2.3 	 104.705 
360 	 2.4 	 127.401 
360 	 2.5 	 151.498 

