0 	 0 	 0.783374 
0 	 0.0833333 	 0.554014 
0 	 0.166667 	 0.487626 
0 	 0.25 	 0.580329 
0 	 0.333333 	 0.775941 
0 	 0.416667 	 1.20925 
0 	 0.5 	 1.55024 
0 	 0.583333 	 2.24333 
0 	 0.666667 	 3.06808 
0 	 0.75 	 3.615 
0 	 0.833333 	 4.93001 
0 	 0.916667 	 5.95852 
0 	 1 	 6.72739 
0 	 1.08333 	 8.75868 
0 	 1.16667 	 9.46434 
0 	 1.25 	 10.9335 
0 	 1.33333 	 12.3048 
0 	 1.41667 	 12.2321 
0 	 1.5 	 11.6209 
0 	 1.58333 	 11.7805 
0 	 1.66667 	 12.952 
0 	 1.75 	 15.0021 
0 	 1.83333 	 18.3898 
0 	 1.91667 	 22.8646 
0 	 2 	 28.7806 
0 	 2.08333 	 37.3504 
0 	 2.16667 	 48.6439 
0 	 2.25 	 62.1681 
0 	 2.33333 	 77.8347 
0 	 2.41667 	 95.5048 
0 	 2.5 	 114.596 

5.90164 	 0 	 0.637345 
5.90164 	 0.0833333 	 0.492755 
5.90164 	 0.166667 	 0.506012 
5.90164 	 0.25 	 0.673568 
5.90164 	 0.333333 	 0.970837 
5.90164 	 0.416667 	 1.36835 
5.90164 	 0.5 	 1.876 
5.90164 	 0.583333 	 2.64857 
5.90164 	 0.666667 	 3.16224 
5.90164 	 0.75 	 4.34298 
5.90164 	 0.833333 	 5.22249 
5.90164 	 0.916667 	 5.97424 
5.90164 	 1 	 7.86886 
5.90164 	 1.08333 	 8.42237 
5.90164 	 1.16667 	 9.78391 
5.90164 	 1.25 	 11.4595 
5.90164 	 1.33333 	 12.2547 
5.90164 	 1.41667 	 12.2674 
5.90164 	 1.5 	 12.0907 
5.90164 	 1.58333 	 12.3268 
5.90164 	 1.66667 	 12.883 
5.90164 	 1.75 	 15.0579 
5.90164 	 1.83333 	 18.2563 
5.90164 	 1.91667 	 22.6021 
5.90164 	 2 	 29.181 
5.90164 	 2.08333 	 37.7311 
5.90164 	 2.16667 	 48.8627 
5.90164 	 2.25 	 62.4476 
5.90164 	 2.33333 	 78.0036 
5.90164 	 2.41667 	 95.6089 
5.90164 	 2.5 	 114.821 

11.8033 	 0 	 0.530638 
11.8033 	 0.0833333 	 0.463236 
11.8033 	 0.166667 	 0.549727 
11.8033 	 0.25 	 0.79654 
11.8033 	 0.333333 	 1.20971 
11.8033 	 0.416667 	 1.59198 
11.8033 	 0.5 	 2.3413 
11.8033 	 0.583333 	 2.81427 
11.8033 	 0.666667 	 3.81513 
11.8033 	 0.75 	 4.68635 
11.8033 	 0.833333 	 5.38343 
11.8033 	 0.916667 	 7.11509 
11.8033 	 1 	 7.61653 
11.8033 	 1.08333 	 8.84967 
11.8033 	 1.16667 	 10.538 
11.8033 	 1.25 	 11.1511 
11.8033 	 1.33333 	 12.9879 
11.8033 	 1.41667 	 13.0748 
11.8033 	 1.5 	 12.6364 
11.8033 	 1.58333 	 12.2112 
11.8033 	 1.66667 	 12.8172 
11.8033 	 1.75 	 15.1823 
11.8033 	 1.83333 	 18.3437 
11.8033 	 1.91667 	 22.605 
11.8033 	 2 	 29.1699 
11.8033 	 2.08333 	 38.344 
11.8033 	 2.16667 	 49.8696 
11.8033 	 2.25 	 63.5868 
11.8033 	 2.33333 	 79.2025 
11.8033 	 2.41667 	 96.813 
11.8033 	 2.5 	 116.192 

17.7049 	 0 	 0.46171 
17.7049 	 0.0833333 	 0.443816 
17.7049 	 0.166667 	 0.598249 
17.7049 	 0.25 	 0.974692 
17.7049 	 0.333333 	 1.42919 
17.7049 	 0.416667 	 1.99395 
17.7049 	 0.5 	 2.56026 
17.7049 	 0.583333 	 3.33708 
17.7049 	 0.666667 	 4.29589 
17.7049 	 0.75 	 4.90889 
17.7049 	 0.833333 	 6.44435 
17.7049 	 0.916667 	 7.00956 
17.7049 	 1 	 8.1111 
17.7049 	 1.08333 	 9.79215 
17.7049 	 1.16667 	 10.2667 
17.7049 	 1.25 	 12.4514 
17.7049 	 1.33333 	 12.6141 
17.7049 	 1.41667 	 13.3253 
17.7049 	 1.5 	 12.6731 
17.7049 	 1.58333 	 12.2913 
17.7049 	 1.66667 	 12.8741 
17.7049 	 1.75 	 15.1373 
17.7049 	 1.83333 	 18.5551 
17.7049 	 1.91667 	 22.9927 
17.7049 	 2 	 29.4425 
17.7049 	 2.08333 	 38.4657 
17.7049 	 2.16667 	 50.1974 
17.7049 	 2.25 	 64.0891 
17.7049 	 2.33333 	 80.0947 
17.7049 	 2.41667 	 98.0739 
17.7049 	 2.5 	 117.391 

23.6066 	 0 	 0.436428 
23.6066 	 0.0833333 	 0.412451 
23.6066 	 0.166667 	 0.615653 
23.6066 	 0.25 	 1.07208 
23.6066 	 0.333333 	 1.63857 
23.6066 	 0.416667 	 2.3679 
23.6066 	 0.5 	 2.93105 
23.6066 	 0.583333 	 3.97651 
23.6066 	 0.666667 	 4.52176 
23.6066 	 0.75 	 5.8248 
23.6066 	 0.833333 	 6.56178 
23.6066 	 0.916667 	 7.51671 
23.6066 	 1 	 9.24353 
23.6066 	 1.08333 	 9.57436 
23.6066 	 1.16667 	 11.4496 
23.6066 	 1.25 	 11.8899 
23.6066 	 1.33333 	 13.4725 
23.6066 	 1.41667 	 13.7198 
23.6066 	 1.5 	 13.0522 
23.6066 	 1.58333 	 12.5019 
23.6066 	 1.66667 	 12.9824 
23.6066 	 1.75 	 15.1394 
23.6066 	 1.83333 	 18.5784 
23.6066 	 1.91667 	 23.0708 
23.6066 	 2 	 30.1141 
23.6066 	 2.08333 	 39.255 
23.6066 	 2.16667 	 50.9678 
23.6066 	 2.25 	 65.0128 
23.6066 	 2.33333 	 81.0094 
23.6066 	 2.41667 	 98.9877 
23.6066 	 2.5 	 118.488 

29.5082 	 0 	 0.469616 
29.5082 	 0.0833333 	 0.388585 
29.5082 	 0.166667 	 0.503586 
29.5082 	 0.25 	 0.832859 
29.5082 	 0.333333 	 1.42758 
29.5082 	 0.416667 	 2.21543 
29.5082 	 0.5 	 3.10762 
29.5082 	 0.583333 	 4.21482 
29.5082 	 0.666667 	 5.24996 
29.5082 	 0.75 	 6.23812 
29.5082 	 0.833333 	 7.0261 
29.5082 	 0.916667 	 8.86521 
29.5082 	 1 	 9.06984 
29.5082 	 1.08333 	 10.6478 
29.5082 	 1.16667 	 11.3651 
29.5082 	 1.25 	 12.5874 
29.5082 	 1.33333 	 13.3821 
29.5082 	 1.41667 	 14.5157 
29.5082 	 1.5 	 13.5527 
29.5082 	 1.58333 	 12.706 
29.5082 	 1.66667 	 12.9917 
29.5082 	 1.75 	 15.274 
29.5082 	 1.83333 	 18.6946 
29.5082 	 1.91667 	 23.1558 
29.5082 	 2 	 30.2742 
29.5082 	 2.08333 	 39.9885 
29.5082 	 2.16667 	 52.2788 
29.5082 	 2.25 	 66.5939 
29.5082 	 2.33333 	 82.8928 
29.5082 	 2.41667 	 100.941 
29.5082 	 2.5 	 120.677 

35.4098 	 0 	 0.557849 
35.4098 	 0.0833333 	 0.367629 
35.4098 	 0.166667 	 0.402392 
35.4098 	 0.25 	 0.697329 
35.4098 	 0.333333 	 1.20063 
35.4098 	 0.416667 	 1.94434 
35.4098 	 0.5 	 3.01376 
35.4098 	 0.583333 	 4.04483 
35.4098 	 0.666667 	 5.35376 
35.4098 	 0.75 	 6.61411 
35.4098 	 0.833333 	 8.18664 
35.4098 	 0.916667 	 8.71082 
35.4098 	 1 	 10.0033 
35.4098 	 1.08333 	 11.0341 
35.4098 	 1.16667 	 11.906 
35.4098 	 1.25 	 13.1656 
35.4098 	 1.33333 	 13.7886 
35.4098 	 1.41667 	 14.4914 
35.4098 	 1.5 	 13.6468 
35.4098 	 1.58333 	 12.5879 
35.4098 	 1.66667 	 12.8328 
35.4098 	 1.75 	 15.4094 
35.4098 	 1.83333 	 18.9137 
35.4098 	 1.91667 	 23.6537 
35.4098 	 2 	 30.8431 
35.4098 	 2.08333 	 40.497 
35.4098 	 2.16667 	 52.8318 
35.4098 	 2.25 	 67.1855 
35.4098 	 2.33333 	 83.6435 
35.4098 	 2.41667 	 102.004 
35.4098 	 2.5 	 121.598 

41.3115 	 0 	 0.529464 
41.3115 	 0.0833333 	 0.35148 
41.3115 	 0.166667 	 0.332386 
41.3115 	 0.25 	 0.565569 
41.3115 	 0.333333 	 1.07283 
41.3115 	 0.416667 	 1.83896 
41.3115 	 0.5 	 2.6931 
41.3115 	 0.583333 	 3.99115 
41.3115 	 0.666667 	 5.26267 
41.3115 	 0.75 	 6.79224 
41.3115 	 0.833333 	 8.46171 
41.3115 	 0.916667 	 9.47334 
41.3115 	 1 	 10.8778 
41.3115 	 1.08333 	 11.4181 
41.3115 	 1.16667 	 13.136 
41.3115 	 1.25 	 13.3088 
41.3115 	 1.33333 	 14.5363 
41.3115 	 1.41667 	 14.935 
41.3115 	 1.5 	 13.6328 
41.3115 	 1.58333 	 12.3869 
41.3115 	 1.66667 	 12.771 
41.3115 	 1.75 	 15.3757 
41.3115 	 1.83333 	 18.899 
41.3115 	 1.91667 	 24.0568 
41.3115 	 2 	 31.8423 
41.3115 	 2.08333 	 41.6703 
41.3115 	 2.16667 	 54.0739 
41.3115 	 2.25 	 68.6332 
41.3115 	 2.33333 	 85.1443 
41.3115 	 2.41667 	 103.554 
41.3115 	 2.5 	 123.352 

47.2131 	 0 	 0.511729 
47.2131 	 0.0833333 	 0.348862 
47.2131 	 0.166667 	 0.30368 
47.2131 	 0.25 	 0.458753 
47.2131 	 0.333333 	 0.905692 
47.2131 	 0.416667 	 1.61779 
47.2131 	 0.5 	 2.7304 
47.2131 	 0.583333 	 3.76317 
47.2131 	 0.666667 	 5.34931 
47.2131 	 0.75 	 6.76025 
47.2131 	 0.833333 	 8.52679 
47.2131 	 0.916667 	 10.4401 
47.2131 	 1 	 11.1026 
47.2131 	 1.08333 	 12.8438 
47.2131 	 1.16667 	 13.0642 
47.2131 	 1.25 	 14.6724 
47.2131 	 1.33333 	 14.5673 
47.2131 	 1.41667 	 15.2647 
47.2131 	 1.5 	 13.5688 
47.2131 	 1.58333 	 12.1801 
47.2131 	 1.66667 	 12.8277 
47.2131 	 1.75 	 15.5509 
47.2131 	 1.83333 	 19.2101 
47.2131 	 1.91667 	 24.2636 
47.2131 	 2 	 32.0763 
47.2131 	 2.08333 	 42.4827 
47.2131 	 2.16667 	 55.3056 
47.2131 	 2.25 	 70.1498 
47.2131 	 2.33333 	 87.0766 
47.2131 	 2.41667 	 105.615 
47.2131 	 2.5 	 125.512 

53.1148 	 0 	 0.521018 
53.1148 	 0.0833333 	 0.348564 
53.1148 	 0.166667 	 0.27867 
53.1148 	 0.25 	 0.39899 
53.1148 	 0.333333 	 0.837955 
53.1148 	 0.416667 	 1.62312 
53.1148 	 0.5 	 2.46666 
53.1148 	 0.583333 	 3.98062 
53.1148 	 0.666667 	 5.21147 
53.1148 	 0.75 	 7.10969 
53.1148 	 0.833333 	 8.65729 
53.1148 	 0.916667 	 10.6319 
53.1148 	 1 	 12.2173 
53.1148 	 1.08333 	 13.0318 
53.1148 	 1.16667 	 14.0969 
53.1148 	 1.25 	 14.6512 
53.1148 	 1.33333 	 15.7428 
53.1148 	 1.41667 	 15.531 
53.1148 	 1.5 	 13.3934 
53.1148 	 1.58333 	 11.98 
53.1148 	 1.66667 	 13.0302 
53.1148 	 1.75 	 15.8128 
53.1148 	 1.83333 	 19.5726 
53.1148 	 1.91667 	 24.936 
53.1148 	 2 	 32.8904 
53.1148 	 2.08333 	 43.3136 
53.1148 	 2.16667 	 56.3003 
53.1148 	 2.25 	 71.1668 
53.1148 	 2.33333 	 88.1236 
53.1148 	 2.41667 	 106.839 
53.1148 	 2.5 	 126.767 

59.0164 	 0 	 0.550842 
59.0164 	 0.0833333 	 0.312348 
59.0164 	 0.166667 	 0.262422 
59.0164 	 0.25 	 0.319309 
59.0164 	 0.333333 	 0.727967 
59.0164 	 0.416667 	 1.4365 
59.0164 	 0.5 	 2.66561 
59.0164 	 0.583333 	 3.72335 
59.0164 	 0.666667 	 5.59654 
59.0164 	 0.75 	 6.9939 
59.0164 	 0.833333 	 9.29392 
59.0164 	 0.916667 	 10.9387 
59.0164 	 1 	 13.1528 
59.0164 	 1.08333 	 13.7273 
59.0164 	 1.16667 	 14.9923 
59.0164 	 1.25 	 15.403 
59.0164 	 1.33333 	 15.7942 
59.0164 	 1.41667 	 15.842 
59.0164 	 1.5 	 13.1115 
59.0164 	 1.58333 	 11.835 
59.0164 	 1.66667 	 12.9367 
59.0164 	 1.75 	 15.7684 
59.0164 	 1.83333 	 19.5531 
59.0164 	 1.91667 	 25.5739 
59.0164 	 2 	 34.044 
59.0164 	 2.08333 	 44.7934 
59.0164 	 2.16667 	 57.9026 
59.0164 	 2.25 	 72.9652 
59.0164 	 2.33333 	 89.9971 
59.0164 	 2.41667 	 108.842 
59.0164 	 2.5 	 128.913 

64.918 	 0 	 0.573192 
64.918 	 0.0833333 	 0.282158 
64.918 	 0.166667 	 0.246445 
64.918 	 0.25 	 0.302291 
64.918 	 0.333333 	 0.703079 
64.918 	 0.416667 	 1.55158 
64.918 	 0.5 	 2.43434 
64.918 	 0.583333 	 3.97213 
64.918 	 0.666667 	 5.45165 
64.918 	 0.75 	 7.59996 
64.918 	 0.833333 	 9.24905 
64.918 	 0.916667 	 11.879 
64.918 	 1 	 13.5403 
64.918 	 1.08333 	 15.2371 
64.918 	 1.16667 	 15.3721 
64.918 	 1.25 	 16.585 
64.918 	 1.33333 	 16.5355 
64.918 	 1.41667 	 15.6569 
64.918 	 1.5 	 12.7788 
64.918 	 1.58333 	 11.7169 
64.918 	 1.66667 	 13.0749 
64.918 	 1.75 	 16.0342 
64.918 	 1.83333 	 19.9604 
64.918 	 1.91667 	 25.928 
64.918 	 2 	 34.4697 
64.918 	 2.08333 	 45.615 
64.918 	 2.16667 	 58.9821 
64.918 	 2.25 	 74.3834 
64.918 	 2.33333 	 91.7838 
64.918 	 2.41667 	 110.631 
64.918 	 2.5 	 130.855 

70.8197 	 0 	 0.590966 
70.8197 	 0.0833333 	 0.260239 
70.8197 	 0.166667 	 0.231626 
70.8197 	 0.25 	 0.242086 
70.8197 	 0.333333 	 0.648766 
70.8197 	 0.416667 	 1.37666 
70.8197 	 0.5 	 2.62493 
70.8197 	 0.583333 	 3.95333 
70.8197 	 0.666667 	 5.74871 
70.8197 	 0.75 	 7.6453 
70.8197 	 0.833333 	 10.0578 
70.8197 	 0.916667 	 11.963 
70.8197 	 1 	 14.6031 
70.8197 	 1.08333 	 15.5733 
70.8197 	 1.16667 	 16.6009 
70.8197 	 1.25 	 16.8494 
70.8197 	 1.33333 	 17.4347 
70.8197 	 1.41667 	 15.2891 
70.8197 	 1.5 	 12.4788 
70.8197 	 1.58333 	 11.3933 
70.8197 	 1.66667 	 13.3568 
70.8197 	 1.75 	 16.4731 
70.8197 	 1.83333 	 20.598 
70.8197 	 1.91667 	 26.7851 
70.8197 	 2 	 35.4783 
70.8197 	 2.08333 	 46.6556 
70.8197 	 2.16667 	 60.1907 
70.8197 	 2.25 	 75.6253 
70.8197 	 2.33333 	 93.0645 
70.8197 	 2.41667 	 112.087 
70.8197 	 2.5 	 132.348 

76.7213 	 0 	 0.596753 
76.7213 	 0.0833333 	 0.235433 
76.7213 	 0.166667 	 0.21251 
76.7213 	 0.25 	 0.247459 
76.7213 	 0.333333 	 0.645261 
76.7213 	 0.416667 	 1.53028 
76.7213 	 0.5 	 2.61779 
76.7213 	 0.583333 	 4.17684 
76.7213 	 0.666667 	 6.04659 
76.7213 	 0.75 	 8.07236 
76.7213 	 0.833333 	 10.3487 
76.7213 	 0.916667 	 12.8946 
76.7213 	 1 	 15.0721 
76.7213 	 1.08333 	 16.3157 
76.7213 	 1.16667 	 17.5269 
76.7213 	 1.25 	 17.9032 
76.7213 	 1.33333 	 17.8527 
76.7213 	 1.41667 	 14.8022 
76.7213 	 1.5 	 11.8841 
76.7213 	 1.58333 	 11.2782 
76.7213 	 1.66667 	 13.3441 
76.7213 	 1.75 	 16.557 
76.7213 	 1.83333 	 20.6334 
76.7213 	 1.91667 	 27.4352 
76.7213 	 2 	 36.6918 
76.7213 	 2.08333 	 48.3051 
76.7213 	 2.16667 	 62.0537 
76.7213 	 2.25 	 77.5558 
76.7213 	 2.33333 	 95.0565 
76.7213 	 2.41667 	 114.28 
76.7213 	 2.5 	 134.587 

82.623 	 0 	 0.591232 
82.623 	 0.0833333 	 0.204937 
82.623 	 0.166667 	 0.189996 
82.623 	 0.25 	 0.201349 
82.623 	 0.333333 	 0.664925 
82.623 	 0.416667 	 1.4844 
82.623 	 0.5 	 2.77468 
82.623 	 0.583333 	 4.49437 
82.623 	 0.666667 	 6.29818 
82.623 	 0.75 	 8.75717 
82.623 	 0.833333 	 10.9236 
82.623 	 0.916667 	 13.5758 
82.623 	 1 	 15.9752 
82.623 	 1.08333 	 17.6754 
82.623 	 1.16667 	 18.0564 
82.623 	 1.25 	 19.0119 
82.623 	 1.33333 	 17.9381 
82.623 	 1.41667 	 14.0254 
82.623 	 1.5 	 11.3792 
82.623 	 1.58333 	 11.4298 
82.623 	 1.66667 	 13.6413 
82.623 	 1.75 	 16.9917 
82.623 	 1.83333 	 21.1608 
82.623 	 1.91667 	 28.0123 
82.623 	 2 	 37.2254 
82.623 	 2.08333 	 49.0611 
82.623 	 2.16667 	 62.9189 
82.623 	 2.25 	 78.8366 
82.623 	 2.33333 	 96.6743 
82.623 	 2.41667 	 115.785 
82.623 	 2.5 	 136.31 

88.5246 	 0 	 0.566983 
88.5246 	 0.0833333 	 0.172433 
88.5246 	 0.166667 	 0.17698 
88.5246 	 0.25 	 0.221723 
88.5246 	 0.333333 	 0.669169 
88.5246 	 0.416667 	 1.63864 
88.5246 	 0.5 	 3.05426 
88.5246 	 0.583333 	 4.6887 
88.5246 	 0.666667 	 7.03783 
88.5246 	 0.75 	 9.0459 
88.5246 	 0.833333 	 12.0108 
88.5246 	 0.916667 	 14.2174 
88.5246 	 1 	 17.0265 
88.5246 	 1.08333 	 18.4532 
88.5246 	 1.16667 	 19.2027 
88.5246 	 1.25 	 19.5217 
88.5246 	 1.33333 	 17.2529 
88.5246 	 1.41667 	 13.2577 
88.5246 	 1.5 	 11.0958 
88.5246 	 1.58333 	 11.2405 
88.5246 	 1.66667 	 13.6992 
88.5246 	 1.75 	 16.9732 
88.5246 	 1.83333 	 21.9497 
88.5246 	 1.91667 	 28.9978 
88.5246 	 2 	 38.3235 
88.5246 	 2.08333 	 50.1536 
88.5246 	 2.16667 	 64.1491 
88.5246 	 2.25 	 80.0721 
88.5246 	 2.33333 	 97.9251 
88.5246 	 2.41667 	 117.192 
88.5246 	 2.5 	 137.737 

94.4262 	 0 	 0.527302 
94.4262 	 0.0833333 	 0.137746 
94.4262 	 0.166667 	 0.155611 
94.4262 	 0.25 	 0.192056 
94.4262 	 0.333333 	 0.777435 
94.4262 	 0.416667 	 1.78098 
94.4262 	 0.5 	 3.19378 
94.4262 	 0.583333 	 5.19969 
94.4262 	 0.666667 	 7.30236 
94.4262 	 0.75 	 9.94697 
94.4262 	 0.833333 	 12.3807 
94.4262 	 0.916667 	 15.5153 
94.4262 	 1 	 17.809 
94.4262 	 1.08333 	 18.9901 
94.4262 	 1.16667 	 20.5136 
94.4262 	 1.25 	 20.6016 
94.4262 	 1.33333 	 16.3993 
94.4262 	 1.41667 	 12.636 
94.4262 	 1.5 	 10.9165 
94.4262 	 1.58333 	 11.2639 
94.4262 	 1.66667 	 13.8265 
94.4262 	 1.75 	 17.211 
94.4262 	 1.83333 	 22.0471 
94.4262 	 1.91667 	 29.5382 
94.4262 	 2 	 39.4971 
94.4262 	 2.08333 	 51.7958 
94.4262 	 2.16667 	 65.9571 
94.4262 	 2.25 	 81.8949 
94.4262 	 2.33333 	 99.7669 
94.4262 	 2.41667 	 119.205 
94.4262 	 2.5 	 139.766 

100.328 	 0 	 0.470987 
100.328 	 0.0833333 	 0.102798 
100.328 	 0.166667 	 0.145653 
100.328 	 0.25 	 0.234325 
100.328 	 0.333333 	 0.810934 
100.328 	 0.416667 	 1.93898 
100.328 	 0.5 	 3.65476 
100.328 	 0.583333 	 5.55858 
100.328 	 0.666667 	 7.90362 
100.328 	 0.75 	 10.571 
100.328 	 0.833333 	 13.3726 
100.328 	 0.916667 	 16.1963 
100.328 	 1 	 18.8719 
100.328 	 1.08333 	 20.0064 
100.328 	 1.16667 	 20.9001 
100.328 	 1.25 	 20.1948 
100.328 	 1.33333 	 15.5512 
100.328 	 1.41667 	 12.2848 
100.328 	 1.5 	 10.4305 
100.328 	 1.58333 	 11.6463 
100.328 	 1.66667 	 14.3623 
100.328 	 1.75 	 17.8749 
100.328 	 1.83333 	 22.6747 
100.328 	 1.91667 	 30.1714 
100.328 	 2 	 40.0155 
100.328 	 2.08333 	 52.4172 
100.328 	 2.16667 	 66.6637 
100.328 	 2.25 	 83.0014 
100.328 	 2.33333 	 101.136 
100.328 	 2.41667 	 120.502 
100.328 	 2.5 	 141.268 

106.23 	 0 	 0.405301 
106.23 	 0.0833333 	 0.0688434 
106.23 	 0.166667 	 0.129783 
106.23 	 0.25 	 0.233263 
106.23 	 0.333333 	 1.01993 
106.23 	 0.416667 	 2.31401 
106.23 	 0.5 	 3.93851 
106.23 	 0.583333 	 6.08286 
106.23 	 0.666667 	 8.73189 
106.23 	 0.75 	 11.2766 
106.23 	 0.833333 	 14.4613 
106.23 	 0.916667 	 17.1351 
106.23 	 1 	 19.24 
106.23 	 1.08333 	 21.3991 
106.23 	 1.16667 	 21.7428 
106.23 	 1.25 	 19.3285 
106.23 	 1.33333 	 14.8881 
106.23 	 1.41667 	 11.5247 
106.23 	 1.5 	 10.3099 
106.23 	 1.58333 	 11.5003 
106.23 	 1.66667 	 14.1775 
106.23 	 1.75 	 17.7055 
106.23 	 1.83333 	 23.4649 
106.23 	 1.91667 	 31.2692 
106.23 	 2 	 41.0651 
106.23 	 2.08333 	 53.3829 
106.23 	 2.16667 	 67.712 
106.23 	 2.25 	 83.9962 
106.23 	 2.33333 	 102.155 
106.23 	 2.41667 	 121.586 
106.23 	 2.5 	 142.339 

112.131 	 0 	 0.331923 
112.131 	 0.0833333 	 0.0408588 
112.131 	 0.166667 	 0.112094 
112.131 	 0.25 	 0.300106 
112.131 	 0.333333 	 1.11803 
112.131 	 0.416667 	 2.49988 
112.131 	 0.5 	 4.40464 
112.131 	 0.583333 	 6.8649 
112.131 	 0.666667 	 9.29964 
112.131 	 0.75 	 12.4736 
112.131 	 0.833333 	 15.1863 
112.131 	 0.916667 	 18.4407 
112.131 	 1 	 19.9611 
112.131 	 1.08333 	 21.5193 
112.131 	 1.16667 	 22.9191 
112.131 	 1.25 	 18.4745 
112.131 	 1.33333 	 14.1009 
112.131 	 1.41667 	 10.952 
112.131 	 1.5 	 10.3307 
112.131 	 1.58333 	 11.6929 
112.131 	 1.66667 	 14.4637 
112.131 	 1.75 	 18.0892 
112.131 	 1.83333 	 23.5822 
112.131 	 1.91667 	 31.6024 
112.131 	 2 	 42.1035 
112.131 	 2.08333 	 54.8362 
112.131 	 2.16667 	 69.2623 
112.131 	 2.25 	 85.4852 
112.131 	 2.33333 	 103.599 
112.131 	 2.41667 	 123.162 
112.131 	 2.5 	 143.886 

118.033 	 0 	 0.254312 
118.033 	 0.0833333 	 0.0220218 
118.033 	 0.166667 	 0.0983155 
118.033 	 0.25 	 0.363744 
118.033 	 0.333333 	 1.35799 
118.033 	 0.416667 	 2.91856 
118.033 	 0.5 	 5.06137 
118.033 	 0.583333 	 7.39181 
118.033 	 0.666667 	 10.2146 
118.033 	 0.75 	 13.207 
118.033 	 0.833333 	 16.3598 
118.033 	 0.916667 	 18.5101 
118.033 	 1 	 20.9527 
118.033 	 1.08333 	 21.9835 
118.033 	 1.16667 	 22.3551 
118.033 	 1.25 	 17.6377 
118.033 	 1.33333 	 13.1427 
118.033 	 1.41667 	 10.8186 
118.033 	 1.5 	 9.96356 
118.033 	 1.58333 	 11.8548 
118.033 	 1.66667 	 14.7929 
118.033 	 1.75 	 18.7301 
118.033 	 1.83333 	 24.25 
118.033 	 1.91667 	 32.1841 
118.033 	 2 	 42.4714 
118.033 	 2.08333 	 55.1999 
118.033 	 2.16667 	 69.7616 
118.033 	 2.25 	 86.3821 
118.033 	 2.33333 	 104.674 
118.033 	 2.41667 	 124.237 
118.033 	 2.5 	 145.163 

123.934 	 0 	 0.177526 
123.934 	 0.0833333 	 0.02137 
123.934 	 0.166667 	 0.0881523 
123.934 	 0.25 	 0.478682 
123.934 	 0.333333 	 1.64751 
123.934 	 0.416667 	 3.37763 
123.934 	 0.5 	 5.52733 
123.934 	 0.583333 	 8.15273 
123.934 	 0.666667 	 11.2261 
123.934 	 0.75 	 14.1541 
123.934 	 0.833333 	 16.9515 
123.934 	 0.916667 	 18.8643 
123.934 	 1 	 21.0041 
123.934 	 1.08333 	 22.7629 
123.934 	 1.16667 	 21.4252 
123.934 	 1.25 	 16.4566 
123.934 	 1.33333 	 12.583 
123.934 	 1.41667 	 10.2478 
123.934 	 1.5 	 10.0636 
123.934 	 1.58333 	 11.8602 
123.934 	 1.66667 	 14.8441 
123.934 	 1.75 	 18.5677 
123.934 	 1.83333 	 24.8575 
123.934 	 1.91667 	 33.2703 
123.934 	 2 	 43.3402 
123.934 	 2.08333 	 55.9368 
123.934 	 2.16667 	 70.4498 
123.934 	 2.25 	 86.935 
123.934 	 2.33333 	 105.263 
123.934 	 2.41667 	 124.771 
123.934 	 2.5 	 145.636 

129.836 	 0 	 0.107933 
129.836 	 0.0833333 	 0.0233711 
129.836 	 0.166667 	 0.0743994 
129.836 	 0.25 	 0.64187 
129.836 	 0.333333 	 1.94816 
129.836 	 0.416667 	 3.82994 
129.836 	 0.5 	 6.25738 
129.836 	 0.583333 	 9.13401 
129.836 	 0.666667 	 12.0038 
129.836 	 0.75 	 14.6781 
129.836 	 0.833333 	 16.7009 
129.836 	 0.916667 	 19.4471 
129.836 	 1 	 21.042 
129.836 	 1.08333 	 23.6916 
129.836 	 1.16667 	 20.3157 
129.836 	 1.25 	 15.5402 
129.836 	 1.33333 	 12.1709 
129.836 	 1.41667 	 9.85424 
129.836 	 1.5 	 10.077 
129.836 	 1.58333 	 12.3122 
129.836 	 1.66667 	 15.2748 
129.836 	 1.75 	 19.0426 
129.836 	 1.83333 	 24.9749 
129.836 	 1.91667 	 33.3206 
129.836 	 2 	 44.1516 
129.836 	 2.08333 	 57.0567 
129.836 	 2.16667 	 71.5866 
129.836 	 2.25 	 87.9161 
129.836 	 2.33333 	 106.119 
129.836 	 2.41667 	 125.716 
129.836 	 2.5 	 146.495 

135.738 	 0 	 0.0528203 
135.738 	 0.0833333 	 0.0250082 
135.738 	 0.166667 	 0.0644853 
135.738 	 0.25 	 0.836677 
135.738 	 0.333333 	 2.39718 
135.738 	 0.416667 	 4.47873 
135.738 	 0.5 	 7.08302 
135.738 	 0.583333 	 9.75785 
135.738 	 0.666667 	 11.8508 
135.738 	 0.75 	 14.4407 
135.738 	 0.833333 	 16.7269 
135.738 	 0.916667 	 19.2017 
135.738 	 1 	 21.3883 
135.738 	 1.08333 	 23.4369 
135.738 	 1.16667 	 19.2544 
135.738 	 1.25 	 15.0859 
135.738 	 1.33333 	 11.3 
135.738 	 1.41667 	 10.0287 
135.738 	 1.5 	 9.86705 
135.738 	 1.58333 	 12.0658 
135.738 	 1.66667 	 15.1029 
135.738 	 1.75 	 19.4901 
135.738 	 1.83333 	 25.626 
135.738 	 1.91667 	 33.7712 
135.738 	 2 	 44.2602 
135.738 	 2.08333 	 57.124 
135.738 	 2.16667 	 71.826 
135.738 	 2.25 	 88.5648 
135.738 	 2.33333 	 106.907 
135.738 	 2.41667 	 126.548 
135.738 	 2.5 	 147.539 

141.639 	 0 	 0.0164017 
141.639 	 0.0833333 	 0.0393049 
141.639 	 0.166667 	 0.066911 
141.639 	 0.25 	 1.12422 
141.639 	 0.333333 	 2.84064 
141.639 	 0.416667 	 4.83158 
141.639 	 0.5 	 6.87848 
141.639 	 0.583333 	 9.13743 
141.639 	 0.666667 	 11.8182 
141.639 	 0.75 	 13.9614 
141.639 	 0.833333 	 16.9748 
141.639 	 0.916667 	 18.8919 
141.639 	 1 	 22.0406 
141.639 	 1.08333 	 23.0572 
141.639 	 1.16667 	 18.4786 
141.639 	 1.25 	 14.0604 
141.639 	 1.33333 	 10.9972 
141.639 	 1.41667 	 9.40858 
141.639 	 1.5 	 10.2075 
141.639 	 1.58333 	 12.2909 
141.639 	 1.66667 	 15.3594 
141.639 	 1.75 	 19.3545 
141.639 	 1.83333 	 25.907 
141.639 	 1.91667 	 34.7327 
141.639 	 2 	 44.8621 
141.639 	 2.08333 	 57.5018 
141.639 	 2.16667 	 72.038 
141.639 	 2.25 	 88.543 
141.639 	 2.33333 	 106.887 
141.639 	 2.41667 	 126.381 
141.639 	 2.5 	 147.25 

147.541 	 0 	 5.40823e-10 
147.541 	 0.0833333 	 0.0627351 
147.541 	 0.166667 	 0.0759143 
147.541 	 0.25 	 1.09412 
147.541 	 0.333333 	 2.61374 
147.541 	 0.416667 	 4.4171 
147.541 	 0.5 	 6.64942 
147.541 	 0.583333 	 8.75227 
147.541 	 0.666667 	 11.2101 
147.541 	 0.75 	 13.7967 
147.541 	 0.833333 	 16.2764 
147.541 	 0.916667 	 18.9418 
147.541 	 1 	 21.325 
147.541 	 1.08333 	 22.2356 
147.541 	 1.16667 	 17.6572 
147.541 	 1.25 	 13.297 
147.541 	 1.33333 	 10.6819 
147.541 	 1.41667 	 9.26887 
147.541 	 1.5 	 9.99479 
147.541 	 1.58333 	 12.4176 
147.541 	 1.66667 	 15.6175 
147.541 	 1.75 	 19.9167 
147.541 	 1.83333 	 25.9929 
147.541 	 1.91667 	 34.437 
147.541 	 2 	 45.3531 
147.541 	 2.08333 	 58.2171 
147.541 	 2.16667 	 72.6844 
147.541 	 2.25 	 88.9279 
147.541 	 2.33333 	 107.056 
147.541 	 2.41667 	 126.595 
147.541 	 2.5 	 147.313 

153.443 	 0 	 0.0180493 
153.443 	 0.0833333 	 0.0518379 
153.443 	 0.166667 	 0.0650912 
153.443 	 0.25 	 0.940449 
153.443 	 0.333333 	 2.27281 
153.443 	 0.416667 	 4.00552 
153.443 	 0.5 	 6.00762 
153.443 	 0.583333 	 8.53729 
153.443 	 0.666667 	 10.6739 
153.443 	 0.75 	 13.5329 
153.443 	 0.833333 	 15.8158 
153.443 	 0.916667 	 18.9307 
153.443 	 1 	 20.9995 
153.443 	 1.08333 	 21.3818 
153.443 	 1.16667 	 16.5915 
153.443 	 1.25 	 13.1841 
153.443 	 1.33333 	 10.0263 
153.443 	 1.41667 	 9.45211 
153.443 	 1.5 	 9.9899 
153.443 	 1.58333 	 12.2989 
153.443 	 1.66667 	 15.395 
153.443 	 1.75 	 19.9943 
153.443 	 1.83333 	 26.6153 
153.443 	 1.91667 	 34.7308 
153.443 	 2 	 45.1571 
153.443 	 2.08333 	 57.9709 
153.443 	 2.16667 	 72.6046 
153.443 	 2.25 	 89.2807 
153.443 	 2.33333 	 107.566 
153.443 	 2.41667 	 127.153 
153.443 	 2.5 	 147.743 

159.344 	 0 	 0.0625972 
159.344 	 0.0833333 	 0.0107541 
159.344 	 0.166667 	 0.049425 
159.344 	 0.25 	 0.727429 
159.344 	 0.333333 	 2.01788 
159.344 	 0.416667 	 3.71339 
159.344 	 0.5 	 5.63987 
159.344 	 0.583333 	 7.75524 
159.344 	 0.666667 	 10.5043 
159.344 	 0.75 	 12.6967 
159.344 	 0.833333 	 15.7762 
159.344 	 0.916667 	 18.0358 
159.344 	 1 	 21.126 
159.344 	 1.08333 	 20.3134 
159.344 	 1.16667 	 16.0332 
159.344 	 1.25 	 12.2205 
159.344 	 1.33333 	 10.0887 
159.344 	 1.41667 	 8.91116 
159.344 	 1.5 	 10.3263 
159.344 	 1.58333 	 12.754 
159.344 	 1.66667 	 15.8687 
159.344 	 1.75 	 19.9072 
159.344 	 1.83333 	 26.4717 
159.344 	 1.91667 	 35.2864 
159.344 	 2 	 45.4834 
159.344 	 2.08333 	 57.9183 
159.344 	 2.16667 	 72.3145 
159.344 	 2.25 	 88.6484 
159.344 	 2.33333 	 106.844 
159.344 	 2.41667 	 126.238 
159.344 	 2.5 	 146.995 

165.246 	 0 	 0.148487 
165.246 	 0.0833333 	 0.00857305 
165.246 	 0.166667 	 0.0353927 
165.246 	 0.25 	 0.565983 
165.246 	 0.333333 	 1.67455 
165.246 	 0.416667 	 3.19846 
165.246 	 0.5 	 5.1514 
165.246 	 0.583333 	 7.35084 
165.246 	 0.666667 	 9.65602 
165.246 	 0.75 	 12.3391 
165.246 	 0.833333 	 14.9468 
165.246 	 0.916667 	 17.6648 
165.246 	 1 	 20.5879 
165.246 	 1.08333 	 19.5344 
165.246 	 1.16667 	 15.4603 
165.246 	 1.25 	 11.7643 
165.246 	 1.33333 	 9.59613 
165.246 	 1.41667 	 9.10059 
165.246 	 1.5 	 9.9619 
165.246 	 1.58333 	 12.4366 
165.246 	 1.66667 	 15.6581 
165.246 	 1.75 	 20.6032 
165.246 	 1.83333 	 26.5093 
165.246 	 1.91667 	 34.815 
165.246 	 2 	 45.5555 
165.246 	 2.08333 	 58.2509 
165.246 	 2.16667 	 72.4917 
165.246 	 2.25 	 88.4533 
165.246 	 2.33333 	 106.338 
165.246 	 2.41667 	 125.733 
165.246 	 2.5 	 146.27 

171.148 	 0 	 0.265005 
171.148 	 0.0833333 	 0.00800172 
171.148 	 0.166667 	 0.0270289 
171.148 	 0.25 	 0.447571 
171.148 	 0.333333 	 1.43897 
171.148 	 0.416667 	 2.97772 
171.148 	 0.5 	 4.61765 
171.148 	 0.583333 	 6.81134 
171.148 	 0.666667 	 9.08651 
171.148 	 0.75 	 11.802 
171.148 	 0.833333 	 14.2302 
171.148 	 0.916667 	 17.5801 
171.148 	 1 	 19.7337 
171.148 	 1.08333 	 19.1182 
171.148 	 1.16667 	 14.5928 
171.148 	 1.25 	 11.7618 
171.148 	 1.33333 	 9.2681 
171.148 	 1.41667 	 8.92641 
171.148 	 1.5 	 10.2403 
171.148 	 1.58333 	 12.5356 
171.148 	 1.66667 	 15.6319 
171.148 	 1.75 	 20.1322 
171.148 	 1.83333 	 27.046 
171.148 	 1.91667 	 35.0039 
171.148 	 2 	 45.0962 
171.148 	 2.08333 	 57.6742 
171.148 	 2.16667 	 72.0248 
171.148 	 2.25 	 88.4511 
171.148 	 2.33333 	 106.263 
171.148 	 2.41667 	 125.54 
171.148 	 2.5 	 145.968 

177.049 	 0 	 0.424353 
177.049 	 0.0833333 	 0.0259596 
177.049 	 0.166667 	 0.0186392 
177.049 	 0.25 	 0.281607 
177.049 	 0.333333 	 1.14284 
177.049 	 0.416667 	 2.43199 
177.049 	 0.5 	 4.30902 
177.049 	 0.583333 	 6.15124 
177.049 	 0.666667 	 8.73316 
177.049 	 0.75 	 10.8987 
177.049 	 0.833333 	 14.0986 
177.049 	 0.916667 	 16.3369 
177.049 	 1 	 19.541 
177.049 	 1.08333 	 18.0936 
177.049 	 1.16667 	 14.4311 
177.049 	 1.25 	 10.9289 
177.049 	 1.33333 	 9.63582 
177.049 	 1.41667 	 8.68782 
177.049 	 1.5 	 10.0855 
177.049 	 1.58333 	 12.7962 
177.049 	 1.66667 	 16.2963 
177.049 	 1.75 	 20.1798 
177.049 	 1.83333 	 26.5 
177.049 	 1.91667 	 35.0207 
177.049 	 2 	 45.2258 
177.049 	 2.08333 	 57.2102 
177.049 	 2.16667 	 71.3083 
177.049 	 2.25 	 87.2808 
177.049 	 2.33333 	 105.165 
177.049 	 2.41667 	 124.377 
177.049 	 2.5 	 144.907 

182.951 	 0 	 0.616127 
182.951 	 0.0833333 	 0.0769273 
182.951 	 0.166667 	 0.019096 
182.951 	 0.25 	 0.193126 
182.951 	 0.333333 	 0.921377 
182.951 	 0.416667 	 2.23024 
182.951 	 0.5 	 3.65946 
182.951 	 0.583333 	 5.89122 
182.951 	 0.666667 	 7.7894 
182.951 	 0.75 	 10.645 
182.951 	 0.833333 	 12.9215 
182.951 	 0.916667 	 15.8447 
182.951 	 1 	 18.8185 
182.951 	 1.08333 	 17.58 
182.951 	 1.16667 	 13.7679 
182.951 	 1.25 	 10.9288 
182.951 	 1.33333 	 8.87379 
182.951 	 1.41667 	 9.26235 
182.951 	 1.5 	 9.99971 
182.951 	 1.58333 	 12.3836 
182.951 	 1.66667 	 15.5326 
182.951 	 1.75 	 20.5971 
182.951 	 1.83333 	 26.5448 
182.951 	 1.91667 	 34.4763 
182.951 	 2 	 44.7785 
182.951 	 2.08333 	 57.2719 
182.951 	 2.16667 	 71.0781 
182.951 	 2.25 	 86.6263 
182.951 	 2.33333 	 104.107 
182.951 	 2.41667 	 123.279 
182.951 	 2.5 	 143.521 

188.852 	 0 	 0.855224 
188.852 	 0.0833333 	 0.162722 
188.852 	 0.166667 	 0.0191653 
188.852 	 0.25 	 0.127036 
188.852 	 0.333333 	 0.71514 
188.852 	 0.416667 	 1.73905 
188.852 	 0.5 	 3.45983 
188.852 	 0.583333 	 5.04078 
188.852 	 0.666667 	 7.50745 
188.852 	 0.75 	 9.62448 
188.852 	 0.833333 	 12.2984 
188.852 	 0.916667 	 15.3326 
188.852 	 1 	 17.7455 
188.852 	 1.08333 	 17.2254 
188.852 	 1.16667 	 13.2813 
188.852 	 1.25 	 10.5842 
188.852 	 1.33333 	 9.01808 
188.852 	 1.41667 	 8.55463 
188.852 	 1.5 	 10.3672 
188.852 	 1.58333 	 12.7654 
188.852 	 1.66667 	 15.8071 
188.852 	 1.75 	 19.9279 
188.852 	 1.83333 	 26.4912 
188.852 	 1.91667 	 34.6484 
188.852 	 2 	 44.1846 
188.852 	 2.08333 	 56.2304 
188.852 	 2.16667 	 70.2082 
188.852 	 2.25 	 86.2032 
188.852 	 2.33333 	 103.577 
188.852 	 2.41667 	 122.442 
188.852 	 2.5 	 142.668 

194.754 	 0 	 1.13828 
194.754 	 0.0833333 	 0.283499 
194.754 	 0.166667 	 0.0237998 
194.754 	 0.25 	 0.039434 
194.754 	 0.333333 	 0.506366 
194.754 	 0.416667 	 1.59692 
194.754 	 0.5 	 2.78939 
194.754 	 0.583333 	 4.79563 
194.754 	 0.666667 	 6.60982 
194.754 	 0.75 	 9.016 
194.754 	 0.833333 	 11.8255 
194.754 	 0.916667 	 14.1219 
194.754 	 1 	 17.5959 
194.754 	 1.08333 	 16.4642 
194.754 	 1.16667 	 13.4261 
194.754 	 1.25 	 10.1972 
194.754 	 1.33333 	 8.84311 
194.754 	 1.41667 	 8.77557 
194.754 	 1.5 	 9.86101 
194.754 	 1.58333 	 12.4377 
194.754 	 1.66667 	 15.7366 
194.754 	 1.75 	 20.2675 
194.754 	 1.83333 	 26.011 
194.754 	 1.91667 	 34.0418 
194.754 	 2 	 44.2681 
194.754 	 2.08333 	 55.5748 
194.754 	 2.16667 	 69.23 
194.754 	 2.25 	 84.6657 
194.754 	 2.33333 	 102.087 
194.754 	 2.41667 	 121.045 
194.754 	 2.5 	 141.239 

200.656 	 0 	 1.46006 
200.656 	 0.0833333 	 0.43784 
200.656 	 0.166667 	 0.0476327 
200.656 	 0.25 	 0.0224123 
200.656 	 0.333333 	 0.417801 
200.656 	 0.416667 	 1.153 
200.656 	 0.5 	 2.6307 
200.656 	 0.583333 	 4.03658 
200.656 	 0.666667 	 6.12107 
200.656 	 0.75 	 8.50074 
200.656 	 0.833333 	 10.6748 
200.656 	 0.916667 	 13.8776 
200.656 	 1 	 16.3226 
200.656 	 1.08333 	 16.4292 
200.656 	 1.16667 	 12.6181 
200.656 	 1.25 	 10.6262 
200.656 	 1.33333 	 8.55896 
200.656 	 1.41667 	 8.6674 
200.656 	 1.5 	 10.1792 
200.656 	 1.58333 	 12.3522 
200.656 	 1.66667 	 15.3381 
200.656 	 1.75 	 19.8694 
200.656 	 1.83333 	 26.2645 
200.656 	 1.91667 	 33.5969 
200.656 	 2 	 43.2122 
200.656 	 2.08333 	 55.2945 
200.656 	 2.16667 	 68.6385 
200.656 	 2.25 	 83.7527 
200.656 	 2.33333 	 100.691 
200.656 	 2.41667 	 119.44 
200.656 	 2.5 	 139.422 

206.557 	 0 	 1.81366 
206.557 	 0.0833333 	 0.614685 
206.557 	 0.166667 	 0.0962476 
206.557 	 0.25 	 0.0127801 
206.557 	 0.333333 	 0.220955 
206.557 	 0.416667 	 1.04332 
206.557 	 0.5 	 2.03564 
206.557 	 0.583333 	 3.72491 
206.557 	 0.666667 	 5.55926 
206.557 	 0.75 	 7.55643 
206.557 	 0.833333 	 10.4676 
206.557 	 0.916667 	 12.6788 
206.557 	 1 	 15.4658 
206.557 	 1.08333 	 15.7768 
206.557 	 1.16667 	 12.7193 
206.557 	 1.25 	 9.85273 
206.557 	 1.33333 	 9.10373 
206.557 	 1.41667 	 8.44164 
206.557 	 1.5 	 9.86994 
206.557 	 1.58333 	 12.6102 
206.557 	 1.66667 	 15.9532 
206.557 	 1.75 	 19.549 
206.557 	 1.83333 	 25.5226 
206.557 	 1.91667 	 33.7299 
206.557 	 2 	 42.6728 
206.557 	 2.08333 	 53.9646 
206.557 	 2.16667 	 67.4459 
206.557 	 2.25 	 82.8474 
206.557 	 2.33333 	 99.9426 
206.557 	 2.41667 	 118.295 
206.557 	 2.5 	 138.262 

212.459 	 0 	 2.19082 
212.459 	 0.0833333 	 0.826419 
212.459 	 0.166667 	 0.174606 
212.459 	 0.25 	 0.0155422 
212.459 	 0.333333 	 0.174647 
212.459 	 0.416667 	 0.697725 
212.459 	 0.5 	 1.91251 
212.459 	 0.583333 	 3.16392 
212.459 	 0.666667 	 4.90317 
212.459 	 0.75 	 7.41835 
212.459 	 0.833333 	 9.27543 
212.459 	 0.916667 	 11.9388 
212.459 	 1 	 15.227 
212.459 	 1.08333 	 15.5094 
212.459 	 1.16667 	 12.3195 
212.459 	 1.25 	 10.1297 
212.459 	 1.33333 	 8.38845 
212.459 	 1.41667 	 8.95298 
212.459 	 1.5 	 9.79085 
212.459 	 1.58333 	 12.0342 
212.459 	 1.66667 	 15.0974 
212.459 	 1.75 	 19.9946 
212.459 	 1.83333 	 25.245 
212.459 	 1.91667 	 32.5986 
212.459 	 2 	 42.343 
212.459 	 2.08333 	 53.3312 
212.459 	 2.16667 	 66.3074 
212.459 	 2.25 	 81.1791 
212.459 	 2.33333 	 98.0137 
212.459 	 2.41667 	 116.662 
212.459 	 2.5 	 136.431 

218.361 	 0 	 2.58219 
218.361 	 0.0833333 	 1.06084 
218.361 	 0.166667 	 0.280349 
218.361 	 0.25 	 0.0364451 
218.361 	 0.333333 	 0.0714201 
218.361 	 0.416667 	 0.619188 
218.361 	 0.5 	 1.42168 
218.361 	 0.583333 	 2.81425 
218.361 	 0.666667 	 4.60741 
218.361 	 0.75 	 6.29408 
218.361 	 0.833333 	 8.79133 
218.361 	 0.916667 	 11.4997 
218.361 	 1 	 13.6761 
218.361 	 1.08333 	 15.3802 
218.361 	 1.16667 	 12.1232 
218.361 	 1.25 	 9.80618 
218.361 	 1.33333 	 8.81937 
218.361 	 1.41667 	 8.30716 
218.361 	 1.5 	 10.0239 
218.361 	 1.58333 	 12.3883 
218.361 	 1.66667 	 15.2361 
218.361 	 1.75 	 19.0075 
218.361 	 1.83333 	 25.1275 
218.361 	 1.91667 	 32.381 
218.361 	 2 	 41.17 
218.361 	 2.08333 	 52.476 
218.361 	 2.16667 	 65.6422 
218.361 	 2.25 	 80.2454 
218.361 	 2.33333 	 96.543 
218.361 	 2.41667 	 114.748 
218.361 	 2.5 	 134.478 

224.262 	 0 	 2.97781 
224.262 	 0.0833333 	 1.29693 
224.262 	 0.166667 	 0.409219 
224.262 	 0.25 	 0.0679259 
224.262 	 0.333333 	 0.0529489 
224.262 	 0.416667 	 0.381502 
224.262 	 0.5 	 1.34422 
224.262 	 0.583333 	 2.43498 
224.262 	 0.666667 	 3.86902 
224.262 	 0.75 	 6.09938 
224.262 	 0.833333 	 8.10731 
224.262 	 0.916667 	 10.2618 
224.262 	 1 	 13.4579 
224.262 	 1.08333 	 14.9007 
224.262 	 1.16667 	 12.271 
224.262 	 1.25 	 9.73519 
224.262 	 1.33333 	 8.45092 
224.262 	 1.41667 	 8.82177 
224.262 	 1.5 	 9.51672 
224.262 	 1.58333 	 11.8967 
224.262 	 1.66667 	 15.1244 
224.262 	 1.75 	 19.2657 
224.262 	 1.83333 	 24.3473 
224.262 	 1.91667 	 31.7398 
224.262 	 2 	 40.8832 
224.262 	 2.08333 	 51.2556 
224.262 	 2.16667 	 64.1361 
224.262 	 2.25 	 78.8195 
224.262 	 2.33333 	 95.5816 
224.262 	 2.41667 	 113.623 
224.262 	 2.5 	 133.117 

230.164 	 0 	 3.36738 
230.164 	 0.0833333 	 1.55277 
230.164 	 0.166667 	 0.553888 
230.164 	 0.25 	 0.105111 
230.164 	 0.333333 	 0.0423871 
230.164 	 0.416667 	 0.333899 
230.164 	 0.5 	 0.960332 
230.164 	 0.583333 	 2.07307 
230.164 	 0.666667 	 3.74773 
230.164 	 0.75 	 5.2462 
230.164 	 0.833333 	 7.30647 
230.164 	 0.916667 	 10.2489 
230.164 	 1 	 12.2162 
230.164 	 1.08333 	 14.904 
230.164 	 1.16667 	 11.8054 
230.164 	 1.25 	 9.97113 
230.164 	 1.33333 	 8.50595 
230.164 	 1.41667 	 8.34762 
230.164 	 1.5 	 10.1009 
230.164 	 1.58333 	 11.8559 
230.164 	 1.66667 	 14.655 
230.164 	 1.75 	 18.6731 
230.164 	 1.83333 	 24.525 
230.164 	 1.91667 	 31.0193 
230.164 	 2 	 39.8073 
230.164 	 2.08333 	 50.8343 
230.164 	 2.16667 	 62.9364 
230.164 	 2.25 	 77.2725 
230.164 	 2.33333 	 93.443 
230.164 	 2.41667 	 111.537 
230.164 	 2.5 	 131.04 

236.066 	 0 	 3.6816 
236.066 	 0.0833333 	 1.79746 
236.066 	 0.166667 	 0.708885 
236.066 	 0.25 	 0.16352 
236.066 	 0.333333 	 0.0394386 
236.066 	 0.416667 	 0.195755 
236.066 	 0.5 	 0.912502 
236.066 	 0.583333 	 1.84271 
236.066 	 0.666667 	 3.03306 
236.066 	 0.75 	 4.91211 
236.066 	 0.833333 	 7.10596 
236.066 	 0.916667 	 8.88036 
236.066 	 1 	 11.5314 
236.066 	 1.08333 	 14.4849 
236.066 	 1.16667 	 12.3728 
236.066 	 1.25 	 9.58305 
236.066 	 1.33333 	 8.69035 
236.066 	 1.41667 	 8.48144 
236.066 	 1.5 	 9.3897 
236.066 	 1.58333 	 11.9457 
236.066 	 1.66667 	 15.0464 
236.066 	 1.75 	 18.327 
236.066 	 1.83333 	 23.5738 
236.066 	 1.91667 	 31.0651 
236.066 	 2 	 39.0047 
236.066 	 2.08333 	 49.3559 
236.066 	 2.16667 	 62.0696 
236.066 	 2.25 	 76.3542 
236.066 	 2.33333 	 92.1611 
236.066 	 2.41667 	 109.791 
236.066 	 2.5 	 129.158 

241.967 	 0 	 3.95566 
241.967 	 0.0833333 	 2.03341 
241.967 	 0.166667 	 0.855501 
241.967 	 0.25 	 0.236625 
241.967 	 0.333333 	 0.0634457 
241.967 	 0.416667 	 0.177503 
241.967 	 0.5 	 0.641353 
241.967 	 0.583333 	 1.50294 
241.967 	 0.666667 	 3.02472 
241.967 	 0.75 	 4.42041 
241.967 	 0.833333 	 6.08886 
241.967 	 0.916667 	 8.60114 
241.967 	 1 	 11.091 
241.967 	 1.08333 	 13.1561 
241.967 	 1.16667 	 11.6702 
241.967 	 1.25 	 10.2709 
241.967 	 1.33333 	 8.39747 
241.967 	 1.41667 	 8.53624 
241.967 	 1.5 	 9.64126 
241.967 	 1.58333 	 11.4479 
241.967 	 1.66667 	 14.2907 
241.967 	 1.75 	 18.5659 
241.967 	 1.83333 	 23.2628 
241.967 	 1.91667 	 29.7515 
241.967 	 2 	 38.6367 
241.967 	 2.08333 	 48.4716 
241.967 	 2.16667 	 60.4754 
241.967 	 2.25 	 74.5963 
241.967 	 2.33333 	 90.6866 
241.967 	 2.41667 	 108.708 
241.967 	 2.5 	 127.991 

247.869 	 0 	 4.18316 
247.869 	 0.0833333 	 2.25817 
247.869 	 0.166667 	 1.01647 
247.869 	 0.25 	 0.311449 
247.869 	 0.333333 	 0.0862313 
247.869 	 0.416667 	 0.11855 
247.869 	 0.5 	 0.616141 
247.869 	 0.583333 	 1.39336 
247.869 	 0.666667 	 2.40602 
247.869 	 0.75 	 3.92666 
247.869 	 0.833333 	 6.1835 
247.869 	 0.916667 	 7.80972 
247.869 	 1 	 9.92401 
247.869 	 1.08333 	 13.1325 
247.869 	 1.16667 	 12.1619 
247.869 	 1.25 	 9.60421 
247.869 	 1.33333 	 9.05575 
247.869 	 1.41667 	 8.31015 
247.869 	 1.5 	 9.40635 
247.869 	 1.58333 	 11.8411 
247.869 	 1.66667 	 14.3125 
247.869 	 1.75 	 17.6125 
247.869 	 1.83333 	 22.9548 
247.869 	 1.91667 	 29.4557 
247.869 	 2 	 37.3113 
247.869 	 2.08333 	 47.6852 
247.869 	 2.16667 	 59.59 
247.869 	 2.25 	 73.319 
247.869 	 2.33333 	 88.8818 
247.869 	 2.41667 	 106.406 
247.869 	 2.5 	 125.66 

253.77 	 0 	 4.35375 
253.77 	 0.0833333 	 2.46856 
253.77 	 0.166667 	 1.14251 
253.77 	 0.25 	 0.408286 
253.77 	 0.333333 	 0.137823 
253.77 	 0.416667 	 0.120884 
253.77 	 0.5 	 0.445031 
253.77 	 0.583333 	 1.09859 
253.77 	 0.666667 	 2.38504 
253.77 	 0.75 	 3.74889 
253.77 	 0.833333 	 5.1528 
253.77 	 0.916667 	 7.24396 
253.77 	 1 	 10.2323 
253.77 	 1.08333 	 11.7948 
253.77 	 1.16667 	 11.6381 
253.77 	 1.25 	 10.2824 
253.77 	 1.33333 	 8.45282 
253.77 	 1.41667 	 8.84784 
253.77 	 1.5 	 9.31504 
253.77 	 1.58333 	 11.2057 
253.77 	 1.66667 	 14.2031 
253.77 	 1.75 	 18.0777 
253.77 	 1.83333 	 22.1966 
253.77 	 1.91667 	 28.713 
253.77 	 2 	 36.9831 
253.77 	 2.08333 	 46.3421 
253.77 	 2.16667 	 58.3088 
253.77 	 2.25 	 72.2695 
253.77 	 2.33333 	 88.0077 
253.77 	 2.41667 	 105.1 
253.77 	 2.5 	 124.017 

259.672 	 0 	 4.46957 
259.672 	 0.0833333 	 2.63721 
259.672 	 0.166667 	 1.27639 
259.672 	 0.25 	 0.473532 
259.672 	 0.333333 	 0.163584 
259.672 	 0.416667 	 0.120132 
259.672 	 0.5 	 0.434118 
259.672 	 0.583333 	 1.08655 
259.672 	 0.666667 	 1.97974 
259.672 	 0.75 	 3.18043 
259.672 	 0.833333 	 5.06891 
259.672 	 0.916667 	 7.03413 
259.672 	 1 	 8.67519 
259.672 	 1.08333 	 11.3273 
259.672 	 1.16667 	 11.9645 
259.672 	 1.25 	 9.73907 
259.672 	 1.33333 	 9.29156 
259.672 	 1.41667 	 8.2931 
259.672 	 1.5 	 9.56233 
259.672 	 1.58333 	 11.2766 
259.672 	 1.66667 	 13.7594 
259.672 	 1.75 	 17.1586 
259.672 	 1.83333 	 22.5862 
259.672 	 1.91667 	 28.0409 
259.672 	 2 	 35.8652 
259.672 	 2.08333 	 45.8926 
259.672 	 2.16667 	 57.0183 
259.672 	 2.25 	 70.6102 
259.672 	 2.33333 	 86.046 
259.672 	 2.41667 	 103.516 
259.672 	 2.5 	 122.594 

265.574 	 0 	 4.52104 
265.574 	 0.0833333 	 2.74398 
265.574 	 0.166667 	 1.36544 
265.574 	 0.25 	 0.565465 
265.574 	 0.333333 	 0.194869 
265.574 	 0.416667 	 0.131722 
265.574 	 0.5 	 0.347838 
265.574 	 0.583333 	 0.852116 
265.574 	 0.666667 	 1.86258 
265.574 	 0.75 	 3.23804 
265.574 	 0.833333 	 4.51477 
265.574 	 0.916667 	 6.15601 
265.574 	 1 	 8.67598 
265.574 	 1.08333 	 10.8319 
265.574 	 1.16667 	 11.6501 
265.574 	 1.25 	 10.2112 
265.574 	 1.33333 	 8.63463 
265.574 	 1.41667 	 9.20623 
265.574 	 1.5 	 9.12206 
265.574 	 1.58333 	 11.1508 
265.574 	 1.66667 	 14.1726 
265.574 	 1.75 	 17.1152 
265.574 	 1.83333 	 21.3808 
265.574 	 1.91667 	 27.9612 
265.574 	 2 	 35.1282 
265.574 	 2.08333 	 44.5064 
265.574 	 2.16667 	 56.4553 
265.574 	 2.25 	 69.5886 
265.574 	 2.33333 	 84.7742 
265.574 	 2.41667 	 101.79 
265.574 	 2.5 	 120.649 

271.475 	 0 	 4.5133 
271.475 	 0.0833333 	 2.82773 
271.475 	 0.166667 	 1.44472 
271.475 	 0.25 	 0.612978 
271.475 	 0.333333 	 0.235036 
271.475 	 0.416667 	 0.15427 
271.475 	 0.5 	 0.330964 
271.475 	 0.583333 	 0.905271 
271.475 	 0.666667 	 1.69752 
271.475 	 0.75 	 2.68028 
271.475 	 0.833333 	 4.21626 
271.475 	 0.916667 	 6.42416 
271.475 	 1 	 7.80098 
271.475 	 1.08333 	 9.87582 
271.475 	 1.16667 	 11.8453 
271.475 	 1.25 	 9.9415 
271.475 	 1.33333 	 9.22888 
271.475 	 1.41667 	 8.41525 
271.475 	 1.5 	 9.85508 
271.475 	 1.58333 	 10.8677 
271.475 	 1.66667 	 13.4163 
271.475 	 1.75 	 16.9962 
271.475 	 1.83333 	 21.2851 
271.475 	 1.91667 	 26.8 
271.475 	 2 	 34.7323 
271.475 	 2.08333 	 43.6897 
271.475 	 2.16667 	 54.8152 
271.475 	 2.25 	 68.273 
271.475 	 2.33333 	 83.7112 
271.475 	 2.41667 	 101.132 
271.475 	 2.5 	 119.694 

277.377 	 0 	 4.46806 
277.377 	 0.0833333 	 2.84977 
277.377 	 0.166667 	 1.48912 
277.377 	 0.25 	 0.656598 
277.377 	 0.333333 	 0.265457 
277.377 	 0.416667 	 0.174754 
277.377 	 0.5 	 0.325282 
277.377 	 0.583333 	 0.748361 
277.377 	 0.666667 	 1.50579 
277.377 	 0.75 	 2.82111 
277.377 	 0.833333 	 4.10955 
277.377 	 0.916667 	 5.40154 
277.377 	 1 	 7.45967 
277.377 	 1.08333 	 10.2853 
277.377 	 1.16667 	 11.628 
277.377 	 1.25 	 10.2449 
277.377 	 1.33333 	 8.91287 
277.377 	 1.41667 	 9.05127 
277.377 	 1.5 	 9.09201 
277.377 	 1.58333 	 11.2918 
277.377 	 1.66667 	 13.4693 
277.377 	 1.75 	 16.4064 
277.377 	 1.83333 	 20.8099 
277.377 	 1.91667 	 26.6078 
277.377 	 2 	 33.5496 
277.377 	 2.08333 	 43.0325 
277.377 	 2.16667 	 54.0401 
277.377 	 2.25 	 67.044 
277.377 	 2.33333 	 82.0783 
277.377 	 2.41667 	 99.0852 
277.377 	 2.5 	 117.939 

283.279 	 0 	 4.33545 
283.279 	 0.0833333 	 2.84144 
283.279 	 0.166667 	 1.49731 
283.279 	 0.25 	 0.706909 
283.279 	 0.333333 	 0.309291 
283.279 	 0.416667 	 0.21385 
283.279 	 0.5 	 0.305443 
283.279 	 0.583333 	 0.828505 
283.279 	 0.666667 	 1.54956 
283.279 	 0.75 	 2.43513 
283.279 	 0.833333 	 3.63654 
283.279 	 0.916667 	 5.55637 
283.279 	 1 	 7.32241 
283.279 	 1.08333 	 8.82797 
283.279 	 1.16667 	 11.5243 
283.279 	 1.25 	 10.1812 
283.279 	 1.33333 	 9.29415 
283.279 	 1.41667 	 8.66451 
283.279 	 1.5 	 9.67571 
283.279 	 1.58333 	 10.6369 
283.279 	 1.66667 	 13.3102 
283.279 	 1.75 	 16.7415 
283.279 	 1.83333 	 20.2677 
283.279 	 1.91667 	 25.8719 
283.279 	 2 	 33.2681 
283.279 	 2.08333 	 41.8414 
283.279 	 2.16667 	 53.0459 
283.279 	 2.25 	 66.4402 
283.279 	 2.33333 	 81.4708 
283.279 	 2.41667 	 98.1149 
283.279 	 2.5 	 116.666 

289.18 	 0 	 4.14534 
289.18 	 0.0833333 	 2.77542 
289.18 	 0.166667 	 1.5012 
289.18 	 0.25 	 0.693722 
289.18 	 0.333333 	 0.328091 
289.18 	 0.416667 	 0.227515 
289.18 	 0.5 	 0.352089 
289.18 	 0.583333 	 0.736852 
289.18 	 0.666667 	 1.33654 
289.18 	 0.75 	 2.3658 
289.18 	 0.833333 	 3.88359 
289.18 	 0.916667 	 5.00073 
289.18 	 1 	 6.59667 
289.18 	 1.08333 	 9.18236 
289.18 	 1.16667 	 10.8779 
289.18 	 1.25 	 10.3453 
289.18 	 1.33333 	 9.26767 
289.18 	 1.41667 	 9.04273 
289.18 	 1.5 	 9.22859 
289.18 	 1.58333 	 11.1109 
289.18 	 1.66667 	 12.9776 
289.18 	 1.75 	 16.0251 
289.18 	 1.83333 	 20.5864 
289.18 	 1.91667 	 25.3342 
289.18 	 2 	 32.3454 
289.18 	 2.08333 	 41.5198 
289.18 	 2.16667 	 51.9621 
289.18 	 2.25 	 65.0258 
289.18 	 2.33333 	 79.9803 
289.18 	 2.41667 	 97.0423 
289.18 	 2.5 	 115.852 

295.082 	 0 	 3.91086 
295.082 	 0.0833333 	 2.68152 
295.082 	 0.166667 	 1.43459 
295.082 	 0.25 	 0.735347 
295.082 	 0.333333 	 0.357364 
295.082 	 0.416667 	 0.263647 
295.082 	 0.5 	 0.354723 
295.082 	 0.583333 	 0.74645 
295.082 	 0.666667 	 1.52674 
295.082 	 0.75 	 2.37288 
295.082 	 0.833333 	 3.32358 
295.082 	 0.916667 	 4.8303 
295.082 	 1 	 7.181 
295.082 	 1.08333 	 8.19958 
295.082 	 1.16667 	 10.2692 
295.082 	 1.25 	 10.4448 
295.082 	 1.33333 	 9.4617 
295.082 	 1.41667 	 9.03458 
295.082 	 1.5 	 9.5174 
295.082 	 1.58333 	 10.6067 
295.082 	 1.66667 	 13.3297 
295.082 	 1.75 	 15.9638 
295.082 	 1.83333 	 19.5965 
295.082 	 1.91667 	 25.3517 
295.082 	 2 	 31.7731 
295.082 	 2.08333 	 40.4242 
295.082 	 2.16667 	 51.7029 
295.082 	 2.25 	 64.2654 
295.082 	 2.33333 	 79.0998 
295.082 	 2.41667 	 95.7975 
295.082 	 2.5 	 114.399 

300.984 	 0 	 3.63919 
300.984 	 0.0833333 	 2.50527 
300.984 	 0.166667 	 1.40282 
300.984 	 0.25 	 0.69037 
300.984 	 0.333333 	 0.37651 
300.984 	 0.416667 	 0.283031 
300.984 	 0.5 	 0.423982 
300.984 	 0.583333 	 0.806096 
300.984 	 0.666667 	 1.36927 
300.984 	 0.75 	 2.14123 
300.984 	 0.833333 	 3.57428 
300.984 	 0.916667 	 4.95201 
300.984 	 1 	 6.07804 
300.984 	 1.08333 	 8.13446 
300.984 	 1.16667 	 10.5768 
300.984 	 1.25 	 10.4881 
300.984 	 1.33333 	 9.69135 
300.984 	 1.41667 	 9.17165 
300.984 	 1.5 	 9.53909 
300.984 	 1.58333 	 10.7452 
300.984 	 1.66667 	 12.7398 
300.984 	 1.75 	 16.0119 
300.984 	 1.83333 	 19.73 
300.984 	 1.91667 	 24.429 
300.984 	 2 	 31.5935 
300.984 	 2.08333 	 39.7858 
300.984 	 2.16667 	 50.3946 
300.984 	 2.25 	 63.4643 
300.984 	 2.33333 	 78.5464 
300.984 	 2.41667 	 95.7028 
300.984 	 2.5 	 114.106 

306.885 	 0 	 3.33874 
306.885 	 0.0833333 	 2.29607 
306.885 	 0.166667 	 1.28258 
306.885 	 0.25 	 0.667854 
306.885 	 0.333333 	 0.380229 
306.885 	 0.416667 	 0.317779 
306.885 	 0.5 	 0.445533 
306.885 	 0.583333 	 0.773032 
306.885 	 0.666667 	 1.38733 
306.885 	 0.75 	 2.46398 
306.885 	 0.833333 	 3.32689 
306.885 	 0.916667 	 4.43093 
306.885 	 1 	 6.45931 
306.885 	 1.08333 	 8.01262 
306.885 	 1.16667 	 9.44364 
306.885 	 1.25 	 10.7357 
306.885 	 1.33333 	 9.71521 
306.885 	 1.41667 	 9.52774 
306.885 	 1.5 	 9.53351 
306.885 	 1.58333 	 10.8028 
306.885 	 1.66667 	 12.7836 
306.885 	 1.75 	 15.4945 
306.885 	 1.83333 	 19.3325 
306.885 	 1.91667 	 24.2849 
306.885 	 2 	 30.6067 
306.885 	 2.08333 	 39.5198 
306.885 	 2.16667 	 49.8898 
306.885 	 2.25 	 62.6 
306.885 	 2.33333 	 77.4128 
306.885 	 2.41667 	 94.2354 
306.885 	 2.5 	 112.945 

312.787 	 0 	 3.01895 
312.787 	 0.0833333 	 2.06815 
312.787 	 0.166667 	 1.18595 
312.787 	 0.25 	 0.647362 
312.787 	 0.333333 	 0.425331 
312.787 	 0.416667 	 0.350945 
312.787 	 0.5 	 0.492623 
312.787 	 0.583333 	 0.956163 
312.787 	 0.666667 	 1.53974 
312.787 	 0.75 	 2.19069 
312.787 	 0.833333 	 3.23743 
312.787 	 0.916667 	 5.14083 
312.787 	 1 	 5.96578 
312.787 	 1.08333 	 7.4775 
312.787 	 1.16667 	 10.2292 
312.787 	 1.25 	 10.6648 
312.787 	 1.33333 	 10.1899 
312.787 	 1.41667 	 9.4357 
312.787 	 1.5 	 10.0374 
312.787 	 1.58333 	 10.6035 
312.787 	 1.66667 	 12.8019 
312.787 	 1.75 	 15.6548 
312.787 	 1.83333 	 18.9508 
312.787 	 1.91667 	 23.8882 
312.787 	 2 	 30.3704 
312.787 	 2.08333 	 38.5519 
312.787 	 2.16667 	 49.4157 
312.787 	 2.25 	 62.5246 
312.787 	 2.33333 	 77.3426 
312.787 	 2.41667 	 93.9312 
312.787 	 2.5 	 112.447 

318.689 	 0 	 2.69 
318.689 	 0.0833333 	 1.83342 
318.689 	 0.166667 	 1.09007 
318.689 	 0.25 	 0.583321 
318.689 	 0.333333 	 0.412724 
318.689 	 0.416667 	 0.39215 
318.689 	 0.5 	 0.590665 
318.689 	 0.583333 	 0.962772 
318.689 	 0.666667 	 1.42233 
318.689 	 0.75 	 2.42097 
318.689 	 0.833333 	 3.60533 
318.689 	 0.916667 	 4.40172 
318.689 	 1 	 5.9063 
318.689 	 1.08333 	 8.29628 
318.689 	 1.16667 	 9.06326 
318.689 	 1.25 	 11.0732 
318.689 	 1.33333 	 10.0511 
318.689 	 1.41667 	 10.1572 
318.689 	 1.5 	 9.7407 
318.689 	 1.58333 	 11.256 
318.689 	 1.66667 	 12.5175 
318.689 	 1.75 	 15.3931 
318.689 	 1.83333 	 19.2074 
318.689 	 1.91667 	 23.3977 
318.689 	 2 	 29.9636 
318.689 	 2.08333 	 38.3725 
318.689 	 2.16667 	 48.6613 
318.689 	 2.25 	 61.6029 
318.689 	 2.33333 	 76.4743 
318.689 	 2.41667 	 93.4855 
318.689 	 2.5 	 112.261 

324.59 	 0 	 2.35922 
324.59 	 0.0833333 	 1.5933 
324.59 	 0.166667 	 0.950792 
324.59 	 0.25 	 0.586027 
324.59 	 0.333333 	 0.417653 
324.59 	 0.416667 	 0.438952 
324.59 	 0.5 	 0.636758 
324.59 	 0.583333 	 0.962088 
324.59 	 0.666667 	 1.84287 
324.59 	 0.75 	 2.51276 
324.59 	 0.833333 	 3.23103 
324.59 	 0.916667 	 4.73905 
324.59 	 1 	 6.31299 
324.59 	 1.08333 	 7.24238 
324.59 	 1.16667 	 9.36364 
324.59 	 1.25 	 10.8839 
324.59 	 1.33333 	 10.7839 
324.59 	 1.41667 	 9.84323 
324.59 	 1.5 	 10.6181 
324.59 	 1.58333 	 10.7226 
324.59 	 1.66667 	 12.8376 
324.59 	 1.75 	 15.1758 
324.59 	 1.83333 	 18.6361 
324.59 	 1.91667 	 23.5819 
324.59 	 2 	 29.4677 
324.59 	 2.08333 	 37.9075 
324.59 	 2.16667 	 48.7113 
324.59 	 2.25 	 61.345 
324.59 	 2.33333 	 76.2017 
324.59 	 2.41667 	 92.9866 
324.59 	 2.5 	 111.672 

330.492 	 0 	 2.03446 
330.492 	 0.0833333 	 1.36357 
330.492 	 0.166667 	 0.854094 
330.492 	 0.25 	 0.545221 
330.492 	 0.333333 	 0.430587 
330.492 	 0.416667 	 0.489981 
330.492 	 0.5 	 0.700497 
330.492 	 0.583333 	 1.26112 
330.492 	 0.666667 	 1.74282 
330.492 	 0.75 	 2.41695 
330.492 	 0.833333 	 3.87898 
330.492 	 0.916667 	 4.79869 
330.492 	 1 	 5.75568 
330.492 	 1.08333 	 7.86297 
330.492 	 1.16667 	 9.14978 
330.492 	 1.25 	 10.5873 
330.492 	 1.33333 	 10.4814 
330.492 	 1.41667 	 10.8227 
330.492 	 1.5 	 10.165 
330.492 	 1.58333 	 11.1248 
330.492 	 1.66667 	 12.5785 
330.492 	 1.75 	 15.3735 
330.492 	 1.83333 	 18.6477 
330.492 	 1.91667 	 23.0335 
330.492 	 2 	 29.4274 
330.492 	 2.08333 	 37.4427 
330.492 	 2.16667 	 48.0972 
330.492 	 2.25 	 61.1886 
330.492 	 2.33333 	 76.347 
330.492 	 2.41667 	 93.6007 
330.492 	 2.5 	 112.269 

336.393 	 0 	 1.73025 
336.393 	 0.0833333 	 1.14569 
336.393 	 0.166667 	 0.735768 
336.393 	 0.25 	 0.498237 
336.393 	 0.333333 	 0.454682 
336.393 	 0.416667 	 0.553519 
336.393 	 0.5 	 0.901023 
336.393 	 0.583333 	 1.24481 
336.393 	 0.666667 	 1.85447 
336.393 	 0.75 	 3.04638 
336.393 	 0.833333 	 3.63664 
336.393 	 0.916667 	 4.63768 
336.393 	 1 	 6.70419 
336.393 	 1.08333 	 7.45836 
336.393 	 1.16667 	 8.92188 
336.393 	 1.25 	 11.1713 
336.393 	 1.33333 	 11.5091 
336.393 	 1.41667 	 10.4166 
336.393 	 1.5 	 10.6755 
336.393 	 1.58333 	 11.1469 
336.393 	 1.66667 	 12.5248 
336.393 	 1.75 	 15.0817 
336.393 	 1.83333 	 18.7044 
336.393 	 1.91667 	 22.7884 
336.393 	 2 	 29.0368 
336.393 	 2.08333 	 37.6547 
336.393 	 2.16667 	 47.9422 
336.393 	 2.25 	 60.9063 
336.393 	 2.33333 	 75.8723 
336.393 	 2.41667 	 92.9145 
336.393 	 2.5 	 111.817 

342.295 	 0 	 1.44359 
342.295 	 0.0833333 	 0.950962 
342.295 	 0.166667 	 0.627243 
342.295 	 0.25 	 0.47764 
342.295 	 0.333333 	 0.505284 
342.295 	 0.416667 	 0.697381 
342.295 	 0.5 	 0.9427 
342.295 	 0.583333 	 1.4523 
342.295 	 0.666667 	 2.2821 
342.295 	 0.75 	 2.80761 
342.295 	 0.833333 	 3.80707 
342.295 	 0.916667 	 5.65701 
342.295 	 1 	 6.07386 
342.295 	 1.08333 	 7.53722 
342.295 	 1.16667 	 9.73001 
342.295 	 1.25 	 10.4111 
342.295 	 1.33333 	 11.0359 
342.295 	 1.41667 	 11.0832 
342.295 	 1.5 	 10.8443 
342.295 	 1.58333 	 11.1736 
342.295 	 1.66667 	 12.9283 
342.295 	 1.75 	 15.0266 
342.295 	 1.83333 	 18.3922 
342.295 	 1.91667 	 23.1052 
342.295 	 2 	 28.8233 
342.295 	 2.08333 	 37.1745 
342.295 	 2.16667 	 48.2748 
342.295 	 2.25 	 61.3858 
342.295 	 2.33333 	 76.4662 
342.295 	 2.41667 	 93.4125 
342.295 	 2.5 	 112.236 

348.197 	 0 	 1.19036 
348.197 	 0.0833333 	 0.785692 
348.197 	 0.166667 	 0.549181 
348.197 	 0.25 	 0.484209 
348.197 	 0.333333 	 0.579441 
348.197 	 0.416667 	 0.76207 
348.197 	 0.5 	 1.14861 
348.197 	 0.583333 	 1.76638 
348.197 	 0.666667 	 2.23013 
348.197 	 0.75 	 3.17673 
348.197 	 0.833333 	 4.50339 
348.197 	 0.916667 	 5.00743 
348.197 	 1 	 6.45931 
348.197 	 1.08333 	 8.20056 
348.197 	 1.16667 	 8.94095 
348.197 	 1.25 	 11.2059 
348.197 	 1.33333 	 11.8474 
348.197 	 1.41667 	 11.1946 
348.197 	 1.5 	 10.9903 
348.197 	 1.58333 	 11.8093 
348.197 	 1.66667 	 12.6163 
348.197 	 1.75 	 15.1448 
348.197 	 1.83333 	 18.2929 
348.197 	 1.91667 	 22.5946 
348.197 	 2 	 28.9945 
348.197 	 2.08333 	 37.1438 
348.197 	 2.16667 	 47.8981 
348.197 	 2.25 	 61.1459 
348.197 	 2.33333 	 76.404 
348.197 	 2.41667 	 93.752 
348.197 	 2.5 	 112.724 

354.098 	 0 	 0.969117 
354.098 	 0.0833333 	 0.651903 
354.098 	 0.166667 	 0.502423 
354.098 	 0.25 	 0.519454 
354.098 	 0.333333 	 0.673522 
354.098 	 0.416667 	 0.91074 
354.098 	 0.5 	 1.42764 
354.098 	 0.583333 	 1.82788 
354.098 	 0.666667 	 2.67186 
354.098 	 0.75 	 3.66054 
354.098 	 0.833333 	 4.21049 
354.098 	 0.916667 	 5.61493 
354.098 	 1 	 6.94354 
354.098 	 1.08333 	 7.69823 
354.098 	 1.16667 	 9.85178 
354.098 	 1.25 	 10.6974 
354.098 	 1.33333 	 11.7624 
354.098 	 1.41667 	 11.5449 
354.098 	 1.5 	 11.8295 
354.098 	 1.58333 	 11.591 
354.098 	 1.66667 	 12.6746 
354.098 	 1.75 	 15.0955 
354.098 	 1.83333 	 18.3997 
354.098 	 1.91667 	 22.517 
354.098 	 2 	 28.7692 
354.098 	 2.08333 	 37.6516 
354.098 	 2.16667 	 48.3284 
354.098 	 2.25 	 61.5677 
354.098 	 2.33333 	 76.7988 
354.098 	 2.41667 	 94.055 
354.098 	 2.5 	 113.139 

360 	 0 	 0.783374 
360 	 0.0833333 	 0.554014 
360 	 0.166667 	 0.487626 
360 	 0.25 	 0.580329 
360 	 0.333333 	 0.775941 
360 	 0.416667 	 1.20925 
360 	 0.5 	 1.55024 
360 	 0.583333 	 2.24333 
360 	 0.666667 	 3.06808 
360 	 0.75 	 3.615 
360 	 0.833333 	 4.93001 
360 	 0.916667 	 5.95852 
360 	 1 	 6.72739 
360 	 1.08333 	 8.75868 
360 	 1.16667 	 9.46434 
360 	 1.25 	 10.9335 
360 	 1.33333 	 12.3048 
360 	 1.41667 	 12.2321 
360 	 1.5 	 11.6209 
360 	 1.58333 	 11.7805 
360 	 1.66667 	 12.952 
360 	 1.75 	 15.0021 
360 	 1.83333 	 18.3898 
360 	 1.91667 	 22.8646 
360 	 2 	 28.7806 
360 	 2.08333 	 37.3504 
360 	 2.16667 	 48.6439 
360 	 2.25 	 62.1681 
360 	 2.33333 	 77.8347 
360 	 2.41667 	 95.5048 
360 	 2.5 	 114.596 

