0 	 0 	 5.29041e-10 
0 	 0.15 	 0.0190892 
0 	 0.3 	 1.01748 
0 	 0.45 	 4.09561 
0 	 0.6 	 8.07165 
0 	 0.75 	 10.8112 
0 	 0.9 	 11.9045 
0 	 1.05 	 11.1938 
0 	 1.2 	 8.4054 
0 	 1.35 	 5.04867 
0 	 1.5 	 3.45334 
0 	 1.65 	 4.8446 
0 	 1.8 	 8.59493 
0 	 1.95 	 16.9533 
0 	 2.1 	 30.8219 
0 	 2.25 	 50.6756 
0 	 2.4 	 75.9671 
0 	 2.55 	 106.067 
0 	 2.7 	 139.737 
0 	 2.85 	 176.425 
0 	 3 	 214.983 

9.23077 	 0 	 5.29041e-10 
9.23077 	 0.15 	 0.0214704 
9.23077 	 0.3 	 1.53551 
9.23077 	 0.45 	 5.01221 
9.23077 	 0.6 	 8.8452 
9.23077 	 0.75 	 11.9766 
9.23077 	 0.9 	 12.8649 
9.23077 	 1.05 	 11.6962 
9.23077 	 1.2 	 8.33041 
9.23077 	 1.35 	 4.94848 
9.23077 	 1.5 	 3.50595 
9.23077 	 1.65 	 5.27194 
9.23077 	 1.8 	 9.2527 
9.23077 	 1.95 	 18.0098 
9.23077 	 2.1 	 32.4854 
9.23077 	 2.25 	 53.1611 
9.23077 	 2.4 	 78.7585 
9.23077 	 2.55 	 109.044 
9.23077 	 2.7 	 142.771 
9.23077 	 2.85 	 179.5 
9.23077 	 3 	 218.077 

18.4615 	 0 	 5.29041e-10 
18.4615 	 0.15 	 0.0192752 
18.4615 	 0.3 	 2.14781 
18.4615 	 0.45 	 5.78896 
18.4615 	 0.6 	 9.54647 
18.4615 	 0.75 	 13.1959 
18.4615 	 0.9 	 13.9223 
18.4615 	 1.05 	 12.2025 
18.4615 	 1.2 	 8.26828 
18.4615 	 1.35 	 4.63576 
18.4615 	 1.5 	 3.72459 
18.4615 	 1.65 	 5.47464 
18.4615 	 1.8 	 9.72856 
18.4615 	 1.95 	 19.1152 
18.4615 	 2.1 	 34.4699 
18.4615 	 2.25 	 55.1845 
18.4615 	 2.4 	 81.3739 
18.4615 	 2.55 	 112.059 
18.4615 	 2.7 	 146.288 
18.4615 	 2.85 	 183.135 
18.4615 	 3 	 221.727 

27.6923 	 0 	 5.29041e-10 
27.6923 	 0.15 	 0.0788432 
27.6923 	 0.3 	 2.79201 
27.6923 	 0.45 	 6.52225 
27.6923 	 0.6 	 10.0561 
27.6923 	 0.75 	 13.8498 
27.6923 	 0.9 	 15.0323 
27.6923 	 1.05 	 12.6905 
27.6923 	 1.2 	 8.24138 
27.6923 	 1.35 	 4.39848 
27.6923 	 1.5 	 3.78815 
27.6923 	 1.65 	 5.64086 
27.6923 	 1.8 	 10.4974 
27.6923 	 1.95 	 20.4708 
27.6923 	 2.1 	 35.9338 
27.6923 	 2.25 	 57.5162 
27.6923 	 2.4 	 83.9196 
27.6923 	 2.55 	 114.804 
27.6923 	 2.7 	 149.108 
27.6923 	 2.85 	 186.166 
27.6923 	 3 	 224.862 

36.9231 	 0 	 5.29041e-10 
36.9231 	 0.15 	 0.205777 
36.9231 	 0.3 	 3.40417 
36.9231 	 0.45 	 6.90436 
36.9231 	 0.6 	 10.3834 
36.9231 	 0.75 	 14.3275 
36.9231 	 0.9 	 16.1284 
36.9231 	 1.05 	 13.1552 
36.9231 	 1.2 	 8.29074 
36.9231 	 1.35 	 4.28629 
36.9231 	 1.5 	 3.78933 
36.9231 	 1.65 	 6.09647 
36.9231 	 1.8 	 11.2818 
36.9231 	 1.95 	 21.5122 
36.9231 	 2.1 	 37.5428 
36.9231 	 2.25 	 59.54 
36.9231 	 2.4 	 86.7299 
36.9231 	 2.55 	 117.927 
36.9231 	 2.7 	 152.326 
36.9231 	 2.85 	 189.446 
36.9231 	 3 	 228.167 

46.1538 	 0 	 5.29041e-10 
46.1538 	 0.15 	 0.396997 
46.1538 	 0.3 	 3.82841 
46.1538 	 0.45 	 6.94578 
46.1538 	 0.6 	 10.5354 
46.1538 	 0.75 	 14.3701 
46.1538 	 0.9 	 17.0641 
46.1538 	 1.05 	 13.6127 
46.1538 	 1.2 	 8.2433 
46.1538 	 1.35 	 4.33451 
46.1538 	 1.5 	 3.94122 
46.1538 	 1.65 	 6.25036 
46.1538 	 1.8 	 11.6213 
46.1538 	 1.95 	 22.4231 
46.1538 	 2.1 	 39.2762 
46.1538 	 2.25 	 61.5119 
46.1538 	 2.4 	 88.7622 
46.1538 	 2.55 	 120.201 
46.1538 	 2.7 	 155.025 
46.1538 	 2.85 	 192.369 
46.1538 	 3 	 231.154 

55.3846 	 0 	 5.29041e-10 
55.3846 	 0.15 	 0.612866 
55.3846 	 0.3 	 3.78286 
55.3846 	 0.45 	 6.99458 
55.3846 	 0.6 	 10.5715 
55.3846 	 0.75 	 14.3299 
55.3846 	 0.9 	 17.9964 
55.3846 	 1.05 	 14.0465 
55.3846 	 1.2 	 8.184 
55.3846 	 1.35 	 4.48148 
55.3846 	 1.5 	 4.24624 
55.3846 	 1.65 	 6.32243 
55.3846 	 1.8 	 12.192 
55.3846 	 1.95 	 23.4903 
55.3846 	 2.1 	 40.32 
55.3846 	 2.25 	 63.3308 
55.3846 	 2.4 	 91.0265 
55.3846 	 2.55 	 122.683 
55.3846 	 2.7 	 157.582 
55.3846 	 2.85 	 194.981 
55.3846 	 3 	 233.796 

64.6154 	 0 	 5.29041e-10 
64.6154 	 0.15 	 0.820726 
64.6154 	 0.3 	 3.68477 
64.6154 	 0.45 	 6.85145 
64.6154 	 0.6 	 10.3073 
64.6154 	 0.75 	 14.0746 
64.6154 	 0.9 	 17.9124 
64.6154 	 1.05 	 14.3887 
64.6154 	 1.2 	 8.29336 
64.6154 	 1.35 	 4.32869 
64.6154 	 1.5 	 4.20424 
64.6154 	 1.65 	 6.68995 
64.6154 	 1.8 	 12.7925 
64.6154 	 1.95 	 24.1271 
64.6154 	 2.1 	 41.5092 
64.6154 	 2.25 	 64.6092 
64.6154 	 2.4 	 92.7339 
64.6154 	 2.55 	 124.63 
64.6154 	 2.7 	 159.872 
64.6154 	 2.85 	 197.435 
64.6154 	 3 	 236.272 

73.8462 	 0 	 5.29041e-10 
73.8462 	 0.15 	 0.986482 
73.8462 	 0.3 	 3.53788 
73.8462 	 0.45 	 6.5604 
73.8462 	 0.6 	 10.0705 
73.8462 	 0.75 	 13.5779 
73.8462 	 0.9 	 17.2098 
73.8462 	 1.05 	 14.8255 
73.8462 	 1.2 	 8.66106 
73.8462 	 1.35 	 4.40195 
73.8462 	 1.5 	 4.26122 
73.8462 	 1.65 	 6.77875 
73.8462 	 1.8 	 12.8184 
73.8462 	 1.95 	 24.5823 
73.8462 	 2.1 	 42.4 
73.8462 	 2.25 	 66.0324 
73.8462 	 2.4 	 94.1634 
73.8462 	 2.55 	 126.237 
73.8462 	 2.7 	 161.518 
73.8462 	 2.85 	 199.121 
73.8462 	 3 	 237.99 

83.0769 	 0 	 5.29041e-10 
83.0769 	 0.15 	 0.933017 
83.0769 	 0.3 	 3.28434 
83.0769 	 0.45 	 6.23868 
83.0769 	 0.6 	 9.43452 
83.0769 	 0.75 	 13.1619 
83.0769 	 0.9 	 16.4671 
83.0769 	 1.05 	 15.4549 
83.0769 	 1.2 	 8.87755 
83.0769 	 1.35 	 4.75574 
83.0769 	 1.5 	 4.44904 
83.0769 	 1.65 	 6.71523 
83.0769 	 1.8 	 13.0586 
83.0769 	 1.95 	 25.1475 
83.0769 	 2.1 	 42.8353 
83.0769 	 2.25 	 66.6077 
83.0769 	 2.4 	 95.358 
83.0769 	 2.55 	 127.588 
83.0769 	 2.7 	 163.12 
83.0769 	 2.85 	 200.822 
83.0769 	 3 	 239.677 

92.3077 	 0 	 5.29041e-10 
92.3077 	 0.15 	 0.860789 
92.3077 	 0.3 	 2.98296 
92.3077 	 0.45 	 5.70185 
92.3077 	 0.6 	 8.87429 
92.3077 	 0.75 	 12.155 
92.3077 	 0.9 	 15.7385 
92.3077 	 1.05 	 16.1311 
92.3077 	 1.2 	 9.25028 
92.3077 	 1.35 	 4.7276 
92.3077 	 1.5 	 4.40292 
92.3077 	 1.65 	 6.98581 
92.3077 	 1.8 	 13.1241 
92.3077 	 1.95 	 25.0034 
92.3077 	 2.1 	 43.3761 
92.3077 	 2.25 	 67.1498 
92.3077 	 2.4 	 95.8015 
92.3077 	 2.55 	 128.156 
92.3077 	 2.7 	 163.682 
92.3077 	 2.85 	 201.406 
92.3077 	 3 	 240.294 

101.538 	 0 	 5.29041e-10 
101.538 	 0.15 	 0.759768 
101.538 	 0.3 	 2.66296 
101.538 	 0.45 	 5.17831 
101.538 	 0.6 	 8.24965 
101.538 	 0.75 	 11.3485 
101.538 	 0.9 	 14.4658 
101.538 	 1.05 	 16.8634 
101.538 	 1.2 	 10.0049 
101.538 	 1.35 	 4.98267 
101.538 	 1.5 	 4.35749 
101.538 	 1.65 	 6.72484 
101.538 	 1.8 	 12.8194 
101.538 	 1.95 	 24.9024 
101.538 	 2.1 	 43.0575 
101.538 	 2.25 	 67.2098 
101.538 	 2.4 	 96.2722 
101.538 	 2.55 	 128.736 
101.538 	 2.7 	 164.349 
101.538 	 2.85 	 202.072 
101.538 	 3 	 240.969 

110.769 	 0 	 5.29041e-10 
110.769 	 0.15 	 0.668439 
110.769 	 0.3 	 2.34019 
110.769 	 0.45 	 4.69703 
110.769 	 0.6 	 7.34877 
110.769 	 0.75 	 10.5147 
110.769 	 0.9 	 13.5504 
110.769 	 1.05 	 16.2105 
110.769 	 1.2 	 10.4752 
110.769 	 1.35 	 5.39224 
110.769 	 1.5 	 4.42371 
110.769 	 1.65 	 6.66063 
110.769 	 1.8 	 12.6411 
110.769 	 1.95 	 24.5772 
110.769 	 2.1 	 42.8017 
110.769 	 2.25 	 66.8231 
110.769 	 2.4 	 95.7078 
110.769 	 2.55 	 128.199 
110.769 	 2.7 	 163.828 
110.769 	 2.85 	 201.593 
110.769 	 3 	 240.473 

120 	 0 	 5.29041e-10 
120 	 0.15 	 0.59178 
120 	 0.3 	 2.00851 
120 	 0.45 	 4.0626 
120 	 0.6 	 6.6076 
120 	 0.75 	 9.34942 
120 	 0.9 	 12.3148 
120 	 1.05 	 15.2628 
120 	 1.2 	 11.5282 
120 	 1.35 	 5.64956 
120 	 1.5 	 4.33151 
120 	 1.65 	 6.62671 
120 	 1.8 	 12.1539 
120 	 1.95 	 23.8403 
120 	 2.1 	 42.0677 
120 	 2.25 	 66.298 
120 	 2.4 	 95.2437 
120 	 2.55 	 127.796 
120 	 2.7 	 163.347 
120 	 2.85 	 201.085 
120 	 3 	 239.975 

129.231 	 0 	 5.29041e-10 
129.231 	 0.15 	 0.534292 
129.231 	 0.3 	 1.63869 
129.231 	 0.45 	 3.42205 
129.231 	 0.6 	 5.8784 
129.231 	 0.75 	 8.53137 
129.231 	 0.9 	 11.103 
129.231 	 1.05 	 13.6664 
129.231 	 1.2 	 12.2794 
129.231 	 1.35 	 6.35659 
129.231 	 1.5 	 4.24152 
129.231 	 1.65 	 6.32898 
129.231 	 1.8 	 11.5708 
129.231 	 1.95 	 23.2904 
129.231 	 2.1 	 41.0702 
129.231 	 2.25 	 65.0297 
129.231 	 2.4 	 93.8616 
129.231 	 2.55 	 126.342 
129.231 	 2.7 	 161.938 
129.231 	 2.85 	 199.673 
129.231 	 3 	 238.529 

138.462 	 0 	 5.29041e-10 
138.462 	 0.15 	 0.500612 
138.462 	 0.3 	 1.29554 
138.462 	 0.45 	 2.89965 
138.462 	 0.6 	 4.95041 
138.462 	 0.75 	 7.4322 
138.462 	 0.9 	 10.1688 
138.462 	 1.05 	 12.5893 
138.462 	 1.2 	 13.5343 
138.462 	 1.35 	 6.77018 
138.462 	 1.5 	 4.34897 
138.462 	 1.65 	 6.2085 
138.462 	 1.8 	 11.1161 
138.462 	 1.95 	 22.0302 
138.462 	 2.1 	 39.9439 
138.462 	 2.25 	 63.9533 
138.462 	 2.4 	 92.459 
138.462 	 2.55 	 124.93 
138.462 	 2.7 	 160.39 
138.462 	 2.85 	 198.071 
138.462 	 3 	 236.937 

147.692 	 0 	 5.29041e-10 
147.692 	 0.15 	 0.475989 
147.692 	 0.3 	 1.01997 
147.692 	 0.45 	 2.4205 
147.692 	 0.6 	 4.3143 
147.692 	 0.75 	 6.48278 
147.692 	 0.9 	 8.83889 
147.692 	 1.05 	 11.2454 
147.692 	 1.2 	 13.5071 
147.692 	 1.35 	 7.66986 
147.692 	 1.5 	 4.2804 
147.692 	 1.65 	 6.01384 
147.692 	 1.8 	 10.238 
147.692 	 1.95 	 21.0754 
147.692 	 2.1 	 38.3451 
147.692 	 2.25 	 61.9447 
147.692 	 2.4 	 90.4562 
147.692 	 2.55 	 122.783 
147.692 	 2.7 	 158.223 
147.692 	 2.85 	 195.865 
147.692 	 3 	 234.685 

156.923 	 0 	 5.29041e-10 
156.923 	 0.15 	 0.472988 
156.923 	 0.3 	 0.825383 
156.923 	 0.45 	 1.85366 
156.923 	 0.6 	 3.54828 
156.923 	 0.75 	 5.69503 
156.923 	 0.9 	 8.13621 
156.923 	 1.05 	 10.2755 
156.923 	 1.2 	 12.094 
156.923 	 1.35 	 8.40963 
156.923 	 1.5 	 4.54828 
156.923 	 1.65 	 5.57293 
156.923 	 1.8 	 9.76581 
156.923 	 1.95 	 19.6924 
156.923 	 2.1 	 36.9356 
156.923 	 2.25 	 60.1437 
156.923 	 2.4 	 88.2915 
156.923 	 2.55 	 120.536 
156.923 	 2.7 	 155.784 
156.923 	 2.85 	 193.347 
156.923 	 3 	 232.175 

166.154 	 0 	 5.29041e-10 
166.154 	 0.15 	 0.474215 
166.154 	 0.3 	 0.672513 
166.154 	 0.45 	 1.49736 
166.154 	 0.6 	 2.90811 
166.154 	 0.75 	 4.76885 
166.154 	 0.9 	 6.88592 
166.154 	 1.05 	 9.10225 
166.154 	 1.2 	 11.3978 
166.154 	 1.35 	 9.3846 
166.154 	 1.5 	 4.69649 
166.154 	 1.65 	 5.45274 
166.154 	 1.8 	 8.86721 
166.154 	 1.95 	 18.5175 
166.154 	 2.1 	 34.9431 
166.154 	 2.25 	 57.9133 
166.154 	 2.4 	 85.8702 
166.154 	 2.55 	 117.911 
166.154 	 2.7 	 153.088 
166.154 	 2.85 	 190.587 
166.154 	 3 	 229.363 

175.385 	 0 	 5.29041e-10 
175.385 	 0.15 	 0.360004 
175.385 	 0.3 	 0.54016 
175.385 	 0.45 	 1.13472 
175.385 	 0.6 	 2.4257 
175.385 	 0.75 	 4.20344 
175.385 	 0.9 	 6.32779 
175.385 	 1.05 	 8.50479 
175.385 	 1.2 	 10.2099 
175.385 	 1.35 	 10.5825 
175.385 	 1.5 	 5.08981 
175.385 	 1.65 	 5.17642 
175.385 	 1.8 	 8.46531 
175.385 	 1.95 	 17.1458 
175.385 	 2.1 	 33.4017 
175.385 	 2.25 	 55.5902 
175.385 	 2.4 	 83.1899 
175.385 	 2.55 	 115.076 
175.385 	 2.7 	 150.009 
175.385 	 2.85 	 187.402 
175.385 	 3 	 226.182 

184.615 	 0 	 5.29041e-10 
184.615 	 0.15 	 0.264347 
184.615 	 0.3 	 0.458861 
184.615 	 0.45 	 0.842578 
184.615 	 0.6 	 1.89178 
184.615 	 0.75 	 3.46428 
184.615 	 0.9 	 5.3755 
184.615 	 1.05 	 7.42829 
184.615 	 1.2 	 9.52005 
184.615 	 1.35 	 10.9377 
184.615 	 1.5 	 5.60632 
184.615 	 1.65 	 4.96654 
184.615 	 1.8 	 7.70507 
184.615 	 1.95 	 15.975 
184.615 	 2.1 	 31.2753 
184.615 	 2.25 	 53.2894 
184.615 	 2.4 	 80.6144 
184.615 	 2.55 	 112.255 
184.615 	 2.7 	 147.087 
184.615 	 2.85 	 184.4 
184.615 	 3 	 223.126 

193.846 	 0 	 5.29041e-10 
193.846 	 0.15 	 0.194952 
193.846 	 0.3 	 0.439986 
193.846 	 0.45 	 0.693978 
193.846 	 0.6 	 1.58297 
193.846 	 0.75 	 3.02569 
193.846 	 0.9 	 4.88281 
193.846 	 1.05 	 7.02643 
193.846 	 1.2 	 9.11564 
193.846 	 1.35 	 10.3894 
193.846 	 1.5 	 6.02778 
193.846 	 1.65 	 4.86105 
193.846 	 1.8 	 7.44957 
193.846 	 1.95 	 14.7322 
193.846 	 2.1 	 29.6099 
193.846 	 2.25 	 50.8044 
193.846 	 2.4 	 77.7066 
193.846 	 2.55 	 109.128 
193.846 	 2.7 	 143.668 
193.846 	 2.85 	 180.85 
193.846 	 3 	 219.574 

203.077 	 0 	 5.29041e-10 
203.077 	 0.15 	 0.140309 
203.077 	 0.3 	 0.435605 
203.077 	 0.45 	 0.523426 
203.077 	 0.6 	 1.26638 
203.077 	 0.75 	 2.64498 
203.077 	 0.9 	 4.46112 
203.077 	 1.05 	 6.45558 
203.077 	 1.2 	 8.41083 
203.077 	 1.35 	 10.2373 
203.077 	 1.5 	 6.5963 
203.077 	 1.65 	 4.60614 
203.077 	 1.8 	 6.93354 
203.077 	 1.95 	 13.7754 
203.077 	 2.1 	 27.7727 
203.077 	 2.25 	 48.6609 
203.077 	 2.4 	 75.2666 
203.077 	 2.55 	 106.425 
203.077 	 2.7 	 140.858 
203.077 	 2.85 	 177.893 
203.077 	 3 	 216.578 

212.308 	 0 	 5.29041e-10 
212.308 	 0.15 	 0.113 
212.308 	 0.3 	 0.441391 
212.308 	 0.45 	 0.456193 
212.308 	 0.6 	 1.02887 
212.308 	 0.75 	 2.25342 
212.308 	 0.9 	 3.97647 
212.308 	 1.05 	 6.01683 
212.308 	 1.2 	 8.22297 
212.308 	 1.35 	 10.0989 
212.308 	 1.5 	 7.21684 
212.308 	 1.65 	 4.58756 
212.308 	 1.8 	 6.73383 
212.308 	 1.95 	 12.7379 
212.308 	 2.1 	 26.1909 
212.308 	 2.25 	 46.3111 
212.308 	 2.4 	 72.4272 
212.308 	 2.55 	 103.313 
212.308 	 2.7 	 137.418 
212.308 	 2.85 	 174.366 
212.308 	 3 	 213.023 

221.538 	 0 	 5.29041e-10 
221.538 	 0.15 	 0.121725 
221.538 	 0.3 	 0.457307 
221.538 	 0.45 	 0.348888 
221.538 	 0.6 	 0.97741 
221.538 	 0.75 	 2.25649 
221.538 	 0.9 	 3.97285 
221.538 	 1.05 	 6.09052 
221.538 	 1.2 	 8.3436 
221.538 	 1.35 	 9.92211 
221.538 	 1.5 	 7.47101 
221.538 	 1.65 	 4.62452 
221.538 	 1.8 	 6.53419 
221.538 	 1.95 	 12.0846 
221.538 	 2.1 	 24.7174 
221.538 	 2.25 	 44.5535 
221.538 	 2.4 	 70.3623 
221.538 	 2.55 	 100.83 
221.538 	 2.7 	 134.747 
221.538 	 2.85 	 171.514 
221.538 	 3 	 210.121 

230.769 	 0 	 5.29041e-10 
230.769 	 0.15 	 0.124417 
230.769 	 0.3 	 0.451128 
230.769 	 0.45 	 0.295115 
230.769 	 0.6 	 0.801335 
230.769 	 0.75 	 2.01466 
230.769 	 0.9 	 3.81677 
230.769 	 1.05 	 5.9386 
230.769 	 1.2 	 8.09109 
230.769 	 1.35 	 10.1283 
230.769 	 1.5 	 7.61139 
230.769 	 1.65 	 4.56548 
230.769 	 1.8 	 6.35742 
230.769 	 1.95 	 11.3351 
230.769 	 2.1 	 23.522 
230.769 	 2.25 	 42.5767 
230.769 	 2.4 	 67.9008 
230.769 	 2.55 	 98.2337 
230.769 	 2.7 	 131.907 
230.769 	 2.85 	 168.617 
230.769 	 3 	 207.202 

240 	 0 	 5.29041e-10 
240 	 0.15 	 0.121828 
240 	 0.3 	 0.441595 
240 	 0.45 	 0.243164 
240 	 0.6 	 0.789935 
240 	 0.75 	 1.96426 
240 	 0.9 	 3.75102 
240 	 1.05 	 5.95581 
240 	 1.2 	 8.31397 
240 	 1.35 	 10.7355 
240 	 1.5 	 7.65941 
240 	 1.65 	 4.59168 
240 	 1.8 	 6.08606 
240 	 1.95 	 11.0412 
240 	 2.1 	 22.4875 
240 	 2.25 	 41.3863 
240 	 2.4 	 66.2801 
240 	 2.55 	 96.0977 
240 	 2.7 	 129.647 
240 	 2.85 	 166.166 
240 	 3 	 204.69 

249.231 	 0 	 5.29041e-10 
249.231 	 0.15 	 0.110583 
249.231 	 0.3 	 0.455742 
249.231 	 0.45 	 0.190963 
249.231 	 0.6 	 0.766446 
249.231 	 0.75 	 2.18787 
249.231 	 0.9 	 4.05907 
249.231 	 1.05 	 6.38823 
249.231 	 1.2 	 8.9919 
249.231 	 1.35 	 11.2476 
249.231 	 1.5 	 7.62286 
249.231 	 1.65 	 4.72292 
249.231 	 1.8 	 6.03989 
249.231 	 1.95 	 10.5632 
249.231 	 2.1 	 21.8159 
249.231 	 2.25 	 39.9542 
249.231 	 2.4 	 64.5805 
249.231 	 2.55 	 94.3638 
249.231 	 2.7 	 127.706 
249.231 	 2.85 	 164.205 
249.231 	 3 	 202.718 

258.462 	 0 	 5.29041e-10 
258.462 	 0.15 	 0.111374 
258.462 	 0.3 	 0.424424 
258.462 	 0.45 	 0.151009 
258.462 	 0.6 	 0.786401 
258.462 	 0.75 	 2.24869 
258.462 	 0.9 	 4.37533 
258.462 	 1.05 	 6.89957 
258.462 	 1.2 	 9.47367 
258.462 	 1.35 	 11.4786 
258.462 	 1.5 	 7.11751 
258.462 	 1.65 	 4.52853 
258.462 	 1.8 	 5.95854 
258.462 	 1.95 	 10.4366 
258.462 	 2.1 	 21.2608 
258.462 	 2.25 	 39.4041 
258.462 	 2.4 	 63.5762 
258.462 	 2.55 	 92.8695 
258.462 	 2.7 	 126.084 
258.462 	 2.85 	 162.395 
258.462 	 3 	 200.842 

267.692 	 0 	 5.29041e-10 
267.692 	 0.15 	 0.0963545 
267.692 	 0.3 	 0.337032 
267.692 	 0.45 	 0.149611 
267.692 	 0.6 	 0.927516 
267.692 	 0.75 	 2.49657 
267.692 	 0.9 	 4.69266 
267.692 	 1.05 	 7.30765 
267.692 	 1.2 	 10.08 
267.692 	 1.35 	 10.5 
267.692 	 1.5 	 6.75316 
267.692 	 1.65 	 4.44347 
267.692 	 1.8 	 5.8615 
267.692 	 1.95 	 10.3631 
267.692 	 2.1 	 21.1412 
267.692 	 2.25 	 38.656 
267.692 	 2.4 	 62.7825 
267.692 	 2.55 	 92.1883 
267.692 	 2.7 	 125.261 
267.692 	 2.85 	 161.596 
267.692 	 3 	 199.955 

276.923 	 0 	 5.29041e-10 
276.923 	 0.15 	 0.0644095 
276.923 	 0.3 	 0.181035 
276.923 	 0.45 	 0.187622 
276.923 	 0.6 	 1.1772 
276.923 	 0.75 	 3.00206 
276.923 	 0.9 	 5.36363 
276.923 	 1.05 	 8.13848 
276.923 	 1.2 	 11.1347 
276.923 	 1.35 	 9.73299 
276.923 	 1.5 	 6.20684 
276.923 	 1.65 	 4.42727 
276.923 	 1.8 	 6.06918 
276.923 	 1.95 	 10.4161 
276.923 	 2.1 	 21.077 
276.923 	 2.25 	 38.738 
276.923 	 2.4 	 62.4784 
276.923 	 2.55 	 91.4575 
276.923 	 2.7 	 124.418 
276.923 	 2.85 	 160.594 
276.923 	 3 	 198.985 

286.154 	 0 	 5.29041e-10 
286.154 	 0.15 	 0.0393532 
286.154 	 0.3 	 0.0592713 
286.154 	 0.45 	 0.280026 
286.154 	 0.6 	 1.5119 
286.154 	 0.75 	 3.57099 
286.154 	 0.9 	 6.3381 
286.154 	 1.05 	 9.37182 
286.154 	 1.2 	 10.7442 
286.154 	 1.35 	 8.91578 
286.154 	 1.5 	 5.76236 
286.154 	 1.65 	 4.20908 
286.154 	 1.8 	 5.97183 
286.154 	 1.95 	 10.653 
286.154 	 2.1 	 21.4594 
286.154 	 2.25 	 38.7587 
286.154 	 2.4 	 62.6704 
286.154 	 2.55 	 91.7272 
286.154 	 2.7 	 124.611 
286.154 	 2.85 	 160.625 
286.154 	 3 	 198.937 

295.385 	 0 	 5.29041e-10 
295.385 	 0.15 	 0.0261031 
295.385 	 0.3 	 0.0182383 
295.385 	 0.45 	 0.475534 
295.385 	 0.6 	 1.95525 
295.385 	 0.75 	 4.245 
295.385 	 0.9 	 7.10717 
295.385 	 1.05 	 10.026 
295.385 	 1.2 	 10.039 
295.385 	 1.35 	 8.10513 
295.385 	 1.5 	 5.16452 
295.385 	 1.65 	 4.28148 
295.385 	 1.8 	 6.13087 
295.385 	 1.95 	 10.9722 
295.385 	 2.1 	 21.9075 
295.385 	 2.25 	 39.4312 
295.385 	 2.4 	 63.0597 
295.385 	 2.55 	 91.9972 
295.385 	 2.7 	 124.825 
295.385 	 2.85 	 160.968 
295.385 	 3 	 199.338 

304.615 	 0 	 5.29041e-10 
304.615 	 0.15 	 0.0228604 
304.615 	 0.3 	 0.024817 
304.615 	 0.45 	 0.672618 
304.615 	 0.6 	 2.572 
304.615 	 0.75 	 5.0773 
304.615 	 0.9 	 8.09733 
304.615 	 1.05 	 9.72235 
304.615 	 1.2 	 9.62319 
304.615 	 1.35 	 7.54263 
304.615 	 1.5 	 4.88736 
304.615 	 1.65 	 4.11207 
304.615 	 1.8 	 6.19326 
304.615 	 1.95 	 11.4097 
304.615 	 2.1 	 22.6909 
304.615 	 2.25 	 40.2358 
304.615 	 2.4 	 64.2622 
304.615 	 2.55 	 93.0151 
304.615 	 2.7 	 125.812 
304.615 	 2.85 	 161.838 
304.615 	 3 	 200.149 

313.846 	 0 	 5.29041e-10 
313.846 	 0.15 	 0.0210879 
313.846 	 0.3 	 0.0789668 
313.846 	 0.45 	 0.924593 
313.846 	 0.6 	 3.3415 
313.846 	 0.75 	 6.1341 
313.846 	 0.9 	 8.679 
313.846 	 1.05 	 9.72235 
313.846 	 1.2 	 9.40908 
313.846 	 1.35 	 7.09265 
313.846 	 1.5 	 4.39932 
313.846 	 1.65 	 4.17794 
313.846 	 1.8 	 6.58127 
313.846 	 1.95 	 12.1619 
313.846 	 2.1 	 23.6638 
313.846 	 2.25 	 41.3953 
313.846 	 2.4 	 65.2582 
313.846 	 2.55 	 94.4389 
313.846 	 2.7 	 127.285 
313.846 	 2.85 	 163.508 
313.846 	 3 	 201.9 

323.077 	 0 	 5.29041e-10 
323.077 	 0.15 	 0.0276507 
323.077 	 0.3 	 0.073616 
323.077 	 0.45 	 1.34978 
323.077 	 0.6 	 4.14959 
323.077 	 0.75 	 7.26209 
323.077 	 0.9 	 8.97852 
323.077 	 1.05 	 9.9546 
323.077 	 1.2 	 9.00972 
323.077 	 1.35 	 6.45224 
323.077 	 1.5 	 4.00362 
323.077 	 1.65 	 4.24664 
323.077 	 1.8 	 6.59477 
323.077 	 1.95 	 12.6992 
323.077 	 2.1 	 24.7681 
323.077 	 2.25 	 42.989 
323.077 	 2.4 	 67.0569 
323.077 	 2.55 	 96.1012 
323.077 	 2.7 	 128.963 
323.077 	 2.85 	 165.121 
323.077 	 3 	 203.481 

332.308 	 0 	 5.29041e-10 
332.308 	 0.15 	 0.0492204 
332.308 	 0.3 	 0.140614 
332.308 	 0.45 	 1.89516 
332.308 	 0.6 	 5.05705 
332.308 	 0.75 	 7.82987 
332.308 	 0.9 	 9.54197 
332.308 	 1.05 	 10.1008 
332.308 	 1.2 	 8.75438 
332.308 	 1.35 	 5.951 
332.308 	 1.5 	 3.82767 
332.308 	 1.65 	 4.2888 
332.308 	 1.8 	 7.06702 
332.308 	 1.95 	 13.7467 
332.308 	 2.1 	 26.2024 
332.308 	 2.25 	 44.4902 
332.308 	 2.4 	 68.8967 
332.308 	 2.55 	 98.3965 
332.308 	 2.7 	 131.519 
332.308 	 2.85 	 167.639 
332.308 	 3 	 205.967 

341.538 	 0 	 5.29041e-10 
341.538 	 0.15 	 0.0269141 
341.538 	 0.3 	 0.27813 
341.538 	 0.45 	 2.49535 
341.538 	 0.6 	 6.1284 
341.538 	 0.75 	 8.60203 
341.538 	 0.9 	 10.3277 
341.538 	 1.05 	 10.3493 
341.538 	 1.2 	 8.59576 
341.538 	 1.35 	 5.5571 
341.538 	 1.5 	 3.84561 
341.538 	 1.65 	 4.62204 
341.538 	 1.8 	 7.50485 
341.538 	 1.95 	 14.6232 
341.538 	 2.1 	 27.5133 
341.538 	 2.25 	 46.5874 
341.538 	 2.4 	 71.0466 
341.538 	 2.55 	 100.614 
341.538 	 2.7 	 133.761 
341.538 	 2.85 	 170.153 
341.538 	 3 	 208.602 

350.769 	 0 	 5.29041e-10 
350.769 	 0.15 	 0.0257753 
350.769 	 0.3 	 0.573098 
350.769 	 0.45 	 3.24203 
350.769 	 0.6 	 7.06311 
350.769 	 0.75 	 9.60339 
350.769 	 0.9 	 11.0795 
350.769 	 1.05 	 10.7303 
350.769 	 1.2 	 8.48934 
350.769 	 1.35 	 5.25603 
350.769 	 1.5 	 3.57125 
350.769 	 1.65 	 4.65977 
350.769 	 1.8 	 7.88566 
350.769 	 1.95 	 15.6033 
350.769 	 2.1 	 29.2932 
350.769 	 2.25 	 48.5166 
350.769 	 2.4 	 73.6859 
350.769 	 2.55 	 103.51 
350.769 	 2.7 	 136.696 
350.769 	 2.85 	 173.096 
350.769 	 3 	 211.542 

360 	 0 	 5.29041e-10 
360 	 0.15 	 0.0190892 
360 	 0.3 	 1.01748 
360 	 0.45 	 4.09561 
360 	 0.6 	 8.07165 
360 	 0.75 	 10.8112 
360 	 0.9 	 11.9045 
360 	 1.05 	 11.1938 
360 	 1.2 	 8.4054 
360 	 1.35 	 5.04867 
360 	 1.5 	 3.45334 
360 	 1.65 	 4.8446 
360 	 1.8 	 8.59493 
360 	 1.95 	 16.9533 
360 	 2.1 	 30.8219 
360 	 2.25 	 50.6756 
360 	 2.4 	 75.9671 
360 	 2.55 	 106.067 
360 	 2.7 	 139.737 
360 	 2.85 	 176.425 
360 	 3 	 214.983 

