0 	 0 	 5.73965e-10 
0 	 0.15 	 0.0253573 
0 	 0.3 	 1.04974 
0 	 0.45 	 4.20138 
0 	 0.6 	 8.30468 
0 	 0.75 	 11.5994 
0 	 0.9 	 13.0506 
0 	 1.05 	 13.1359 
0 	 1.2 	 11.5152 
0 	 1.35 	 9.64564 
0 	 1.5 	 9.75285 
0 	 1.65 	 13.7465 
0 	 1.8 	 20.7283 
0 	 1.95 	 32.9525 
0 	 2.1 	 51.697 
0 	 2.25 	 76.8662 
0 	 2.4 	 108.575 
0 	 2.55 	 145.248 
0 	 2.7 	 185.884 
0 	 2.85 	 229.246 
0 	 3 	 273.9 

9.23077 	 0 	 5.73965e-10 
9.23077 	 0.15 	 0.0260921 
9.23077 	 0.3 	 1.57498 
9.23077 	 0.45 	 5.12442 
9.23077 	 0.6 	 9.01727 
9.23077 	 0.75 	 12.7656 
9.23077 	 0.9 	 14.0517 
9.23077 	 1.05 	 13.6999 
9.23077 	 1.2 	 11.4885 
9.23077 	 1.35 	 9.56075 
9.23077 	 1.5 	 9.79522 
9.23077 	 1.65 	 14.131 
9.23077 	 1.8 	 21.6655 
9.23077 	 1.95 	 34.398 
9.23077 	 2.1 	 53.3578 
9.23077 	 2.25 	 79.1605 
9.23077 	 2.4 	 111.05 
9.23077 	 2.55 	 148.361 
9.23077 	 2.7 	 189.17 
9.23077 	 2.85 	 232.776 
9.23077 	 3 	 277.362 

18.4615 	 0 	 5.73965e-10 
18.4615 	 0.15 	 0.0240505 
18.4615 	 0.3 	 2.1947 
18.4615 	 0.45 	 5.91572 
18.4615 	 0.6 	 9.71605 
18.4615 	 0.75 	 13.7407 
18.4615 	 0.9 	 15.1646 
18.4615 	 1.05 	 14.2777 
18.4615 	 1.2 	 11.4776 
18.4615 	 1.35 	 9.29619 
18.4615 	 1.5 	 10.0032 
18.4615 	 1.65 	 14.651 
18.4615 	 1.8 	 22.1086 
18.4615 	 1.95 	 35.467 
18.4615 	 2.1 	 55.1137 
18.4615 	 2.25 	 81.7594 
18.4615 	 2.4 	 113.951 
18.4615 	 2.55 	 151.363 
18.4615 	 2.7 	 192.345 
18.4615 	 2.85 	 236.06 
18.4615 	 3 	 280.667 

27.6923 	 0 	 5.73965e-10 
27.6923 	 0.15 	 0.0840485 
27.6923 	 0.3 	 2.84599 
27.6923 	 0.45 	 6.65087 
27.6923 	 0.6 	 10.2428 
27.6923 	 0.75 	 14.1627 
27.6923 	 0.9 	 16.3517 
27.6923 	 1.05 	 14.8445 
27.6923 	 1.2 	 11.5023 
27.6923 	 1.35 	 9.08964 
27.6923 	 1.5 	 10.1465 
27.6923 	 1.65 	 14.779 
27.6923 	 1.8 	 22.7611 
27.6923 	 1.95 	 36.6513 
27.6923 	 2.1 	 57.1039 
27.6923 	 2.25 	 83.8563 
27.6923 	 2.4 	 116.672 
27.6923 	 2.55 	 154.592 
27.6923 	 2.7 	 195.971 
27.6923 	 2.85 	 239.696 
27.6923 	 3 	 284.444 

36.9231 	 0 	 5.73965e-10 
36.9231 	 0.15 	 0.212301 
36.9231 	 0.3 	 3.46455 
36.9231 	 0.45 	 7.0116 
36.9231 	 0.6 	 10.5642 
36.9231 	 0.75 	 14.66 
36.9231 	 0.9 	 17.4668 
36.9231 	 1.05 	 15.3927 
36.9231 	 1.2 	 11.601 
36.9231 	 1.35 	 9.00486 
36.9231 	 1.5 	 10.1475 
36.9231 	 1.65 	 15.1435 
36.9231 	 1.8 	 23.6292 
36.9231 	 1.95 	 37.9978 
36.9231 	 2.1 	 58.6393 
36.9231 	 2.25 	 86.172 
36.9231 	 2.4 	 119.233 
36.9231 	 2.55 	 157.383 
36.9231 	 2.7 	 198.806 
36.9231 	 2.85 	 242.718 
36.9231 	 3 	 287.432 

46.1538 	 0 	 5.73965e-10 
46.1538 	 0.15 	 0.405125 
46.1538 	 0.3 	 3.90718 
46.1538 	 0.45 	 7.0648 
46.1538 	 0.6 	 10.731 
46.1538 	 0.75 	 14.6838 
46.1538 	 0.9 	 18.4663 
46.1538 	 1.05 	 15.9351 
46.1538 	 1.2 	 11.5918 
46.1538 	 1.35 	 9.07449 
46.1538 	 1.5 	 10.2911 
46.1538 	 1.65 	 15.6224 
46.1538 	 1.8 	 24.2272 
46.1538 	 1.95 	 39.0056 
46.1538 	 2.1 	 60.2014 
46.1538 	 2.25 	 88.2216 
46.1538 	 2.4 	 122.002 
46.1538 	 2.55 	 160.396 
46.1538 	 2.7 	 201.942 
46.1538 	 2.85 	 245.994 
46.1538 	 3 	 290.73 

55.3846 	 0 	 5.73965e-10 
55.3846 	 0.15 	 0.623443 
55.3846 	 0.3 	 3.87125 
55.3846 	 0.45 	 7.12645 
55.3846 	 0.6 	 10.783 
55.3846 	 0.75 	 14.6591 
55.3846 	 0.9 	 18.64 
55.3846 	 1.05 	 16.3713 
55.3846 	 1.2 	 11.5885 
55.3846 	 1.35 	 9.29522 
55.3846 	 1.5 	 10.5794 
55.3846 	 1.65 	 15.6332 
55.3846 	 1.8 	 24.6528 
55.3846 	 1.95 	 39.8753 
55.3846 	 2.1 	 61.8675 
55.3846 	 2.25 	 90.0766 
55.3846 	 2.4 	 123.944 
55.3846 	 2.55 	 162.639 
55.3846 	 2.7 	 204.561 
55.3846 	 2.85 	 248.606 
55.3846 	 3 	 293.448 

64.6154 	 0 	 5.73965e-10 
64.6154 	 0.15 	 0.834701 
64.6154 	 0.3 	 3.7828 
64.6154 	 0.45 	 6.98362 
64.6154 	 0.6 	 10.5081 
64.6154 	 0.75 	 14.4843 
64.6154 	 0.9 	 18.4783 
64.6154 	 1.05 	 16.8043 
64.6154 	 1.2 	 11.7455 
64.6154 	 1.35 	 9.18115 
64.6154 	 1.5 	 10.7348 
64.6154 	 1.65 	 15.8882 
64.6154 	 1.8 	 25.2275 
64.6154 	 1.95 	 40.8153 
64.6154 	 2.1 	 62.8033 
64.6154 	 2.25 	 91.79 
64.6154 	 2.4 	 126.032 
64.6154 	 2.55 	 164.958 
64.6154 	 2.7 	 206.903 
64.6154 	 2.85 	 251.148 
64.6154 	 3 	 295.948 

73.8462 	 0 	 5.73965e-10 
73.8462 	 0.15 	 1.00462 
73.8462 	 0.3 	 3.64541 
73.8462 	 0.45 	 6.70305 
73.8462 	 0.6 	 10.3105 
73.8462 	 0.75 	 13.9031 
73.8462 	 0.9 	 17.8158 
73.8462 	 1.05 	 17.3256 
73.8462 	 1.2 	 12.1505 
73.8462 	 1.35 	 9.26468 
73.8462 	 1.5 	 10.7185 
73.8462 	 1.65 	 16.3212 
73.8462 	 1.8 	 25.5982 
73.8462 	 1.95 	 41.3387 
73.8462 	 2.1 	 63.8025 
73.8462 	 2.25 	 92.8931 
73.8462 	 2.4 	 127.531 
73.8462 	 2.55 	 166.663 
73.8462 	 2.7 	 208.973 
73.8462 	 2.85 	 253.131 
73.8462 	 3 	 298.057 

83.0769 	 0 	 5.73965e-10 
83.0769 	 0.15 	 1.01914 
83.0769 	 0.3 	 3.40521 
83.0769 	 0.45 	 6.39 
83.0769 	 0.6 	 9.66839 
83.0769 	 0.75 	 13.5083 
83.0769 	 0.9 	 17.0148 
83.0769 	 1.05 	 18.0294 
83.0769 	 1.2 	 12.4336 
83.0769 	 1.35 	 9.61414 
83.0769 	 1.5 	 10.8581 
83.0769 	 1.65 	 16.1351 
83.0769 	 1.8 	 25.6226 
83.0769 	 1.95 	 41.6375 
83.0769 	 2.1 	 64.5126 
83.0769 	 2.25 	 94.0394 
83.0769 	 2.4 	 128.689 
83.0769 	 2.55 	 167.998 
83.0769 	 2.7 	 210.283 
83.0769 	 2.85 	 254.639 
83.0769 	 3 	 299.518 

92.3077 	 0 	 5.73965e-10 
92.3077 	 0.15 	 0.952407 
92.3077 	 0.3 	 3.09575 
92.3077 	 0.45 	 5.84506 
92.3077 	 0.6 	 9.10409 
92.3077 	 0.75 	 12.5266 
92.3077 	 0.9 	 16.3728 
92.3077 	 1.05 	 18.735 
92.3077 	 1.2 	 12.8377 
92.3077 	 1.35 	 9.69632 
92.3077 	 1.5 	 11.0153 
92.3077 	 1.65 	 16.2234 
92.3077 	 1.8 	 25.7805 
92.3077 	 1.95 	 41.9714 
92.3077 	 2.1 	 64.7106 
92.3077 	 2.25 	 94.3816 
92.3077 	 2.4 	 129.554 
92.3077 	 2.55 	 168.989 
92.3077 	 2.7 	 211.554 
92.3077 	 2.85 	 255.802 
92.3077 	 3 	 300.772 

101.538 	 0 	 5.73965e-10 
101.538 	 0.15 	 0.855623 
101.538 	 0.3 	 2.76834 
101.538 	 0.45 	 5.31453 
101.538 	 0.6 	 8.45127 
101.538 	 0.75 	 11.7204 
101.538 	 0.9 	 15.1039 
101.538 	 1.05 	 18.6919 
101.538 	 1.2 	 13.6608 
101.538 	 1.35 	 9.93575 
101.538 	 1.5 	 10.8679 
101.538 	 1.65 	 16.3128 
101.538 	 1.8 	 25.6097 
101.538 	 1.95 	 41.6611 
101.538 	 2.1 	 64.952 
101.538 	 2.25 	 94.619 
101.538 	 2.4 	 129.657 
101.538 	 2.55 	 169.207 
101.538 	 2.7 	 211.694 
101.538 	 2.85 	 256.135 
101.538 	 3 	 301.052 

110.769 	 0 	 5.73965e-10 
110.769 	 0.15 	 0.768012 
110.769 	 0.3 	 2.43889 
110.769 	 0.45 	 4.82754 
110.769 	 0.6 	 7.54453 
110.769 	 0.75 	 10.8514 
110.769 	 0.9 	 14.1817 
110.769 	 1.05 	 17.2173 
110.769 	 1.2 	 14.1522 
110.769 	 1.35 	 10.4531 
110.769 	 1.5 	 10.9551 
110.769 	 1.65 	 16.0345 
110.769 	 1.8 	 25.2459 
110.769 	 1.95 	 41.3274 
110.769 	 2.1 	 64.3868 
110.769 	 2.25 	 94.3296 
110.769 	 2.4 	 129.756 
110.769 	 2.55 	 169.35 
110.769 	 2.7 	 211.892 
110.769 	 2.85 	 256.347 
110.769 	 3 	 301.33 

120 	 0 	 5.73965e-10 
120 	 0.15 	 0.694505 
120 	 0.3 	 2.09667 
120 	 0.45 	 4.17406 
120 	 0.6 	 6.8 
120 	 0.75 	 9.6847 
120 	 0.9 	 12.9165 
120 	 1.05 	 16.2796 
120 	 1.2 	 15.2117 
120 	 1.35 	 10.6803 
120 	 1.5 	 10.9303 
120 	 1.65 	 15.8991 
120 	 1.8 	 24.9808 
120 	 1.95 	 40.7733 
120 	 2.1 	 63.8241 
120 	 2.25 	 93.6173 
120 	 2.4 	 128.783 
120 	 2.55 	 168.424 
120 	 2.7 	 210.976 
120 	 2.85 	 255.472 
120 	 3 	 300.399 

129.231 	 0 	 5.73965e-10 
129.231 	 0.15 	 0.639613 
129.231 	 0.3 	 1.72123 
129.231 	 0.45 	 3.52757 
129.231 	 0.6 	 6.04818 
129.231 	 0.75 	 8.86968 
129.231 	 0.9 	 11.7134 
129.231 	 1.05 	 14.7335 
129.231 	 1.2 	 16.0308 
129.231 	 1.35 	 11.4224 
129.231 	 1.5 	 10.8975 
129.231 	 1.65 	 15.7762 
129.231 	 1.8 	 24.2828 
129.231 	 1.95 	 39.8325 
129.231 	 2.1 	 62.8021 
129.231 	 2.25 	 92.7034 
129.231 	 2.4 	 127.922 
129.231 	 2.55 	 167.609 
129.231 	 2.7 	 210.008 
129.231 	 2.85 	 254.526 
129.231 	 3 	 299.534 

138.462 	 0 	 5.73965e-10 
138.462 	 0.15 	 0.607871 
138.462 	 0.3 	 1.36352 
138.462 	 0.45 	 3.00084 
138.462 	 0.6 	 5.11627 
138.462 	 0.75 	 7.7406 
138.462 	 0.9 	 10.7446 
138.462 	 1.05 	 13.6503 
138.462 	 1.2 	 16.1208 
138.462 	 1.35 	 11.8563 
138.462 	 1.5 	 11.0735 
138.462 	 1.65 	 15.3473 
138.462 	 1.8 	 23.6653 
138.462 	 1.95 	 39.0384 
138.462 	 2.1 	 61.527 
138.462 	 2.25 	 91.1295 
138.462 	 2.4 	 126.144 
138.462 	 2.55 	 165.723 
138.462 	 2.7 	 208.212 
138.462 	 2.85 	 252.73 
138.462 	 3 	 297.644 

147.692 	 0 	 5.73965e-10 
147.692 	 0.15 	 0.584738 
147.692 	 0.3 	 1.08292 
147.692 	 0.45 	 2.50956 
147.692 	 0.6 	 4.47945 
147.692 	 0.75 	 6.7941 
147.692 	 0.9 	 9.42411 
147.692 	 1.05 	 12.2994 
147.692 	 1.2 	 15.2234 
147.692 	 1.35 	 12.8465 
147.692 	 1.5 	 11.059 
147.692 	 1.65 	 15.0437 
147.692 	 1.8 	 23.0115 
147.692 	 1.95 	 37.6351 
147.692 	 2.1 	 60.1208 
147.692 	 2.25 	 89.5831 
147.692 	 2.4 	 124.381 
147.692 	 2.55 	 163.882 
147.692 	 2.7 	 206.21 
147.692 	 2.85 	 250.665 
147.692 	 3 	 295.723 

156.923 	 0 	 5.73965e-10 
156.923 	 0.15 	 0.580775 
156.923 	 0.3 	 0.884696 
156.923 	 0.45 	 1.93864 
156.923 	 0.6 	 3.6964 
156.923 	 0.75 	 5.98602 
156.923 	 0.9 	 8.69685 
156.923 	 1.05 	 11.3582 
156.923 	 1.2 	 13.7563 
156.923 	 1.35 	 13.5274 
156.923 	 1.5 	 11.3423 
156.923 	 1.65 	 14.7771 
156.923 	 1.8 	 22.1811 
156.923 	 1.95 	 36.503 
156.923 	 2.1 	 58.3102 
156.923 	 2.25 	 87.4024 
156.923 	 2.4 	 122.027 
156.923 	 2.55 	 161.399 
156.923 	 2.7 	 203.709 
156.923 	 2.85 	 248.212 
156.923 	 3 	 293.098 

166.154 	 0 	 5.73965e-10 
166.154 	 0.15 	 0.492939 
166.154 	 0.3 	 0.743378 
166.154 	 0.45 	 1.58026 
166.154 	 0.6 	 3.0558 
166.154 	 0.75 	 5.06358 
166.154 	 0.9 	 7.45777 
166.154 	 1.05 	 10.1482 
166.154 	 1.2 	 13.0466 
166.154 	 1.35 	 14.5802 
166.154 	 1.5 	 11.4972 
166.154 	 1.65 	 14.3912 
166.154 	 1.8 	 21.6146 
166.154 	 1.95 	 35.0239 
166.154 	 2.1 	 56.6699 
166.154 	 2.25 	 85.2307 
166.154 	 2.4 	 119.582 
166.154 	 2.55 	 158.715 
166.154 	 2.7 	 200.894 
166.154 	 2.85 	 245.232 
166.154 	 3 	 290.335 

175.385 	 0 	 5.73965e-10 
175.385 	 0.15 	 0.377101 
175.385 	 0.3 	 0.593262 
175.385 	 0.45 	 1.20308 
175.385 	 0.6 	 2.56321 
175.385 	 0.75 	 4.48515 
175.385 	 0.9 	 6.88288 
175.385 	 1.05 	 9.58343 
175.385 	 1.2 	 11.8935 
175.385 	 1.35 	 14.4946 
175.385 	 1.5 	 12.0146 
175.385 	 1.65 	 14.1194 
175.385 	 1.8 	 20.7923 
175.385 	 1.95 	 33.7634 
175.385 	 2.1 	 54.5605 
175.385 	 2.25 	 82.8002 
175.385 	 2.4 	 116.893 
175.385 	 2.55 	 155.923 
175.385 	 2.7 	 197.956 
175.385 	 2.85 	 242.324 
175.385 	 3 	 287.247 

184.615 	 0 	 5.73965e-10 
184.615 	 0.15 	 0.280697 
184.615 	 0.3 	 0.564709 
184.615 	 0.45 	 0.909592 
184.615 	 0.6 	 2.02977 
184.615 	 0.75 	 3.75153 
184.615 	 0.9 	 5.94484 
184.615 	 1.05 	 8.47872 
184.615 	 1.2 	 11.1831 
184.615 	 1.35 	 13.742 
184.615 	 1.5 	 12.4069 
184.615 	 1.65 	 13.8609 
184.615 	 1.8 	 20.3306 
184.615 	 1.95 	 32.3607 
184.615 	 2.1 	 52.8785 
184.615 	 2.25 	 80.3237 
184.615 	 2.4 	 114.046 
184.615 	 2.55 	 152.668 
184.615 	 2.7 	 194.618 
184.615 	 2.85 	 238.792 
184.615 	 3 	 283.922 

193.846 	 0 	 5.73965e-10 
193.846 	 0.15 	 0.212522 
193.846 	 0.3 	 0.562039 
193.846 	 0.45 	 0.758497 
193.846 	 0.6 	 1.71563 
193.846 	 0.75 	 3.30518 
193.846 	 0.9 	 5.44121 
193.846 	 1.05 	 8.06038 
193.846 	 1.2 	 10.8093 
193.846 	 1.35 	 13.1442 
193.846 	 1.5 	 12.9364 
193.846 	 1.65 	 13.657 
193.846 	 1.8 	 19.7499 
193.846 	 1.95 	 31.2048 
193.846 	 2.1 	 50.7325 
193.846 	 2.25 	 77.9021 
193.846 	 2.4 	 111.31 
193.846 	 2.55 	 149.835 
193.846 	 2.7 	 191.569 
193.846 	 2.85 	 235.76 
193.846 	 3 	 280.702 

203.077 	 0 	 5.73965e-10 
203.077 	 0.15 	 0.165662 
203.077 	 0.3 	 0.545139 
203.077 	 0.45 	 0.588943 
203.077 	 0.6 	 1.4015 
203.077 	 0.75 	 2.93329 
203.077 	 0.9 	 5.03853 
203.077 	 1.05 	 7.50295 
203.077 	 1.2 	 10.0711 
203.077 	 1.35 	 12.9513 
203.077 	 1.5 	 13.5906 
203.077 	 1.65 	 13.5434 
203.077 	 1.8 	 19.4033 
203.077 	 1.95 	 29.9972 
203.077 	 2.1 	 49.0759 
203.077 	 2.25 	 75.4115 
203.077 	 2.4 	 108.368 
203.077 	 2.55 	 146.381 
203.077 	 2.7 	 188.03 
203.077 	 2.85 	 232.007 
203.077 	 3 	 277.134 

212.308 	 0 	 5.73965e-10 
212.308 	 0.15 	 0.146107 
212.308 	 0.3 	 0.544067 
212.308 	 0.45 	 0.523776 
212.308 	 0.6 	 1.16252 
212.308 	 0.75 	 2.53811 
212.308 	 0.9 	 4.54738 
212.308 	 1.05 	 7.07262 
212.308 	 1.2 	 9.87558 
212.308 	 1.35 	 12.9033 
212.308 	 1.5 	 14.1149 
212.308 	 1.65 	 13.6286 
212.308 	 1.8 	 18.937 
212.308 	 1.95 	 29.1491 
212.308 	 2.1 	 47.2677 
212.308 	 2.25 	 73.2538 
212.308 	 2.4 	 105.884 
212.308 	 2.55 	 143.611 
212.308 	 2.7 	 185.174 
212.308 	 2.85 	 228.918 
212.308 	 3 	 274.043 

221.538 	 0 	 5.73965e-10 
221.538 	 0.15 	 0.154678 
221.538 	 0.3 	 0.529605 
221.538 	 0.45 	 0.473735 
221.538 	 0.6 	 1.13089 
221.538 	 0.75 	 2.54425 
221.538 	 0.9 	 4.54501 
221.538 	 1.05 	 7.14321 
221.538 	 1.2 	 10.0361 
221.538 	 1.35 	 12.6882 
221.538 	 1.5 	 14.4089 
221.538 	 1.65 	 13.6163 
221.538 	 1.8 	 18.6864 
221.538 	 1.95 	 28.195 
221.538 	 2.1 	 45.8184 
221.538 	 2.25 	 71.0227 
221.538 	 2.4 	 103.147 
221.538 	 2.55 	 140.508 
221.538 	 2.7 	 181.807 
221.538 	 2.85 	 225.567 
221.538 	 3 	 270.653 

230.769 	 0 	 5.73965e-10 
230.769 	 0.15 	 0.156174 
230.769 	 0.3 	 0.521521 
230.769 	 0.45 	 0.403543 
230.769 	 0.6 	 0.950481 
230.769 	 0.75 	 2.31395 
230.769 	 0.9 	 4.37974 
230.769 	 1.05 	 6.92286 
230.769 	 1.2 	 9.76466 
230.769 	 1.35 	 12.8616 
230.769 	 1.5 	 14.5902 
230.769 	 1.65 	 13.6722 
230.769 	 1.8 	 18.3392 
230.769 	 1.95 	 27.6965 
230.769 	 2.1 	 44.4562 
230.769 	 2.25 	 69.3458 
230.769 	 2.4 	 101.186 
230.769 	 2.55 	 138.042 
230.769 	 2.7 	 179.221 
230.769 	 2.85 	 222.733 
230.769 	 3 	 267.805 

240 	 0 	 5.73965e-10 
240 	 0.15 	 0.148141 
240 	 0.3 	 0.496698 
240 	 0.45 	 0.340954 
240 	 0.6 	 0.94008 
240 	 0.75 	 2.27006 
240 	 0.9 	 4.34834 
240 	 1.05 	 6.93844 
240 	 1.2 	 9.97213 
240 	 1.35 	 13.4399 
240 	 1.5 	 14.6535 
240 	 1.65 	 13.718 
240 	 1.8 	 18.1999 
240 	 1.95 	 27.0752 
240 	 2.1 	 43.4693 
240 	 2.25 	 67.5963 
240 	 2.4 	 98.9121 
240 	 2.55 	 135.653 
240 	 2.7 	 176.585 
240 	 2.85 	 220.131 
240 	 3 	 265.136 

249.231 	 0 	 5.73965e-10 
249.231 	 0.15 	 0.131148 
249.231 	 0.3 	 0.506193 
249.231 	 0.45 	 0.275666 
249.231 	 0.6 	 0.924 
249.231 	 0.75 	 2.48805 
249.231 	 0.9 	 4.66745 
249.231 	 1.05 	 7.4006 
249.231 	 1.2 	 10.637 
249.231 	 1.35 	 14.0365 
249.231 	 1.5 	 14.5056 
249.231 	 1.65 	 13.8111 
249.231 	 1.8 	 18.1626 
249.231 	 1.95 	 26.7614 
249.231 	 2.1 	 42.5914 
249.231 	 2.25 	 66.5576 
249.231 	 2.4 	 97.4625 
249.231 	 2.55 	 133.747 
249.231 	 2.7 	 174.542 
249.231 	 2.85 	 217.836 
249.231 	 3 	 262.852 

258.462 	 0 	 5.73965e-10 
258.462 	 0.15 	 0.14531 
258.462 	 0.3 	 0.46442 
258.462 	 0.45 	 0.222424 
258.462 	 0.6 	 0.933237 
258.462 	 0.75 	 2.54127 
258.462 	 0.9 	 4.93293 
258.462 	 1.05 	 7.89823 
258.462 	 1.2 	 11.1718 
258.462 	 1.35 	 14.5772 
258.462 	 1.5 	 13.998 
258.462 	 1.65 	 13.5988 
258.462 	 1.8 	 18.0067 
258.462 	 1.95 	 26.6153 
258.462 	 2.1 	 42.1815 
258.462 	 2.25 	 65.4335 
258.462 	 2.4 	 96.0721 
258.462 	 2.55 	 132.306 
258.462 	 2.7 	 172.899 
258.462 	 2.85 	 216.264 
258.462 	 3 	 261.153 

267.692 	 0 	 5.73965e-10 
267.692 	 0.15 	 0.121339 
267.692 	 0.3 	 0.36565 
267.692 	 0.45 	 0.20903 
267.692 	 0.6 	 1.06321 
267.692 	 0.75 	 2.78074 
267.692 	 0.9 	 5.24054 
267.692 	 1.05 	 8.29481 
267.692 	 1.2 	 11.7608 
267.692 	 1.35 	 15.3649 
267.692 	 1.5 	 13.6007 
267.692 	 1.65 	 13.4527 
267.692 	 1.8 	 18.0289 
267.692 	 1.95 	 26.4473 
267.692 	 2.1 	 41.7974 
267.692 	 2.25 	 65.1283 
267.692 	 2.4 	 95.3131 
267.692 	 2.55 	 131.14 
267.692 	 2.7 	 171.599 
267.692 	 2.85 	 214.723 
267.692 	 3 	 259.692 

276.923 	 0 	 5.73965e-10 
276.923 	 0.15 	 0.0809421 
276.923 	 0.3 	 0.200081 
276.923 	 0.45 	 0.241352 
276.923 	 0.6 	 1.30986 
276.923 	 0.75 	 3.27912 
276.923 	 0.9 	 5.90422 
276.923 	 1.05 	 9.11593 
276.923 	 1.2 	 12.7992 
276.923 	 1.35 	 14.5382 
276.923 	 1.5 	 12.9702 
276.923 	 1.65 	 13.3774 
276.923 	 1.8 	 18.0405 
276.923 	 1.95 	 26.7049 
276.923 	 2.1 	 41.9603 
276.923 	 2.25 	 64.6835 
276.923 	 2.4 	 94.882 
276.923 	 2.55 	 130.805 
276.923 	 2.7 	 171.137 
276.923 	 2.85 	 214.22 
276.923 	 3 	 259.038 

286.154 	 0 	 5.73965e-10 
286.154 	 0.15 	 0.050715 
286.154 	 0.3 	 0.0721588 
286.154 	 0.45 	 0.327168 
286.154 	 0.6 	 1.64163 
286.154 	 0.75 	 3.85569 
286.154 	 0.9 	 6.89506 
286.154 	 1.05 	 10.3408 
286.154 	 1.2 	 13.8544 
286.154 	 1.35 	 13.6431 
286.154 	 1.5 	 12.4437 
286.154 	 1.65 	 13.0903 
286.154 	 1.8 	 18.0535 
286.154 	 1.95 	 26.6892 
286.154 	 2.1 	 42.0583 
286.154 	 2.25 	 65.0667 
286.154 	 2.4 	 94.9159 
286.154 	 2.55 	 130.465 
286.154 	 2.7 	 170.689 
286.154 	 2.85 	 213.725 
286.154 	 3 	 258.542 

295.385 	 0 	 5.73965e-10 
295.385 	 0.15 	 0.0342188 
295.385 	 0.3 	 0.0281657 
295.385 	 0.45 	 0.520481 
295.385 	 0.6 	 2.08356 
295.385 	 0.75 	 4.53022 
295.385 	 0.9 	 7.66551 
295.385 	 1.05 	 11.3156 
295.385 	 1.2 	 13.1193 
295.385 	 1.35 	 12.7875 
295.385 	 1.5 	 11.8004 
295.385 	 1.65 	 13.068 
295.385 	 1.8 	 18.2571 
295.385 	 1.95 	 27.2398 
295.385 	 2.1 	 42.7196 
295.385 	 2.25 	 65.365 
295.385 	 2.4 	 95.4411 
295.385 	 2.55 	 131.101 
295.385 	 2.7 	 171.245 
295.385 	 2.85 	 214.109 
295.385 	 3 	 258.923 

304.615 	 0 	 5.73965e-10 
304.615 	 0.15 	 0.0296517 
304.615 	 0.3 	 0.0339238 
304.615 	 0.45 	 0.727582 
304.615 	 0.6 	 2.70241 
304.615 	 0.75 	 5.36111 
304.615 	 0.9 	 8.64875 
304.615 	 1.05 	 11.593 
304.615 	 1.2 	 12.685 
304.615 	 1.35 	 12.1882 
304.615 	 1.5 	 11.474 
304.615 	 1.65 	 12.9061 
304.615 	 1.8 	 18.3687 
304.615 	 1.95 	 27.4735 
304.615 	 2.1 	 43.3116 
304.615 	 2.25 	 66.3404 
304.615 	 2.4 	 96.2096 
304.615 	 2.55 	 131.787 
304.615 	 2.7 	 171.915 
304.615 	 2.85 	 214.972 
304.615 	 3 	 259.642 

313.846 	 0 	 5.73965e-10 
313.846 	 0.15 	 0.0278209 
313.846 	 0.3 	 0.094849 
313.846 	 0.45 	 0.984339 
313.846 	 0.6 	 3.47451 
313.846 	 0.75 	 6.41635 
313.846 	 0.9 	 9.73537 
313.846 	 1.05 	 11.5908 
313.846 	 1.2 	 12.4131 
313.846 	 1.35 	 11.686 
313.846 	 1.5 	 10.872 
313.846 	 1.65 	 12.8808 
313.846 	 1.8 	 18.6923 
313.846 	 1.95 	 28.2062 
313.846 	 2.1 	 44.3588 
313.846 	 2.25 	 67.4075 
313.846 	 2.4 	 97.7091 
313.846 	 2.55 	 133.177 
313.846 	 2.7 	 173.299 
313.846 	 2.85 	 216.213 
313.846 	 3 	 260.952 

323.077 	 0 	 5.73965e-10 
323.077 	 0.15 	 0.0355735 
323.077 	 0.3 	 0.0897068 
323.077 	 0.45 	 1.41723 
323.077 	 0.6 	 4.33556 
323.077 	 0.75 	 7.55919 
323.077 	 0.9 	 10.042 
323.077 	 1.05 	 11.8335 
323.077 	 1.2 	 12.0038 
323.077 	 1.35 	 11.031 
323.077 	 1.5 	 10.4393 
323.077 	 1.65 	 13.1176 
323.077 	 1.8 	 18.8137 
323.077 	 1.95 	 28.8692 
323.077 	 2.1 	 45.3743 
323.077 	 2.25 	 68.8552 
323.077 	 2.4 	 99.074 
323.077 	 2.55 	 134.999 
323.077 	 2.7 	 175.182 
323.077 	 2.85 	 218.377 
323.077 	 3 	 262.92 

332.308 	 0 	 5.73965e-10 
332.308 	 0.15 	 0.0580813 
332.308 	 0.3 	 0.157928 
332.308 	 0.45 	 1.97261 
332.308 	 0.6 	 5.25475 
332.308 	 0.75 	 8.53791 
332.308 	 0.9 	 10.6235 
332.308 	 1.05 	 11.9282 
332.308 	 1.2 	 11.7619 
332.308 	 1.35 	 10.5243 
332.308 	 1.5 	 10.2325 
332.308 	 1.65 	 13.0851 
332.308 	 1.8 	 19.2093 
332.308 	 1.95 	 29.689 
332.308 	 2.1 	 46.7979 
332.308 	 2.25 	 70.68 
332.308 	 2.4 	 101.174 
332.308 	 2.55 	 137 
332.308 	 2.7 	 177.236 
332.308 	 2.85 	 220.34 
332.308 	 3 	 264.965 

341.538 	 0 	 5.73965e-10 
341.538 	 0.15 	 0.0354674 
341.538 	 0.3 	 0.298711 
341.538 	 0.45 	 2.58274 
341.538 	 0.6 	 6.32026 
341.538 	 0.75 	 9.32451 
341.538 	 0.9 	 11.4389 
341.538 	 1.05 	 12.2025 
341.538 	 1.2 	 11.6281 
341.538 	 1.35 	 10.1327 
341.538 	 1.5 	 10.1872 
341.538 	 1.65 	 13.338 
341.538 	 1.8 	 19.8148 
341.538 	 1.95 	 30.9247 
341.538 	 2.1 	 48.2681 
341.538 	 2.25 	 72.4426 
341.538 	 2.4 	 103.31 
341.538 	 2.55 	 139.76 
341.538 	 2.7 	 180.11 
341.538 	 2.85 	 223.151 
341.538 	 3 	 267.873 

350.769 	 0 	 5.73965e-10 
350.769 	 0.15 	 0.0328345 
350.769 	 0.3 	 0.598873 
350.769 	 0.45 	 3.33925 
350.769 	 0.6 	 7.29085 
350.769 	 0.75 	 10.3522 
350.769 	 0.9 	 12.1996 
350.769 	 1.05 	 12.6219 
350.769 	 1.2 	 11.5564 
350.769 	 1.35 	 9.84013 
350.769 	 1.5 	 9.88078 
350.769 	 1.65 	 13.6012 
350.769 	 1.8 	 20.0953 
350.769 	 1.95 	 31.7891 
350.769 	 2.1 	 49.7908 
350.769 	 2.25 	 74.7217 
350.769 	 2.4 	 105.718 
350.769 	 2.55 	 142.226 
350.769 	 2.7 	 182.705 
350.769 	 2.85 	 226.091 
350.769 	 3 	 270.63 

360 	 0 	 5.73965e-10 
360 	 0.15 	 0.0253573 
360 	 0.3 	 1.04974 
360 	 0.45 	 4.20138 
360 	 0.6 	 8.30468 
360 	 0.75 	 11.5994 
360 	 0.9 	 13.0506 
360 	 1.05 	 13.1359 
360 	 1.2 	 11.5152 
360 	 1.35 	 9.64564 
360 	 1.5 	 9.75285 
360 	 1.65 	 13.7465 
360 	 1.8 	 20.7283 
360 	 1.95 	 32.9525 
360 	 2.1 	 51.697 
360 	 2.25 	 76.8662 
360 	 2.4 	 108.575 
360 	 2.55 	 145.248 
360 	 2.7 	 185.884 
360 	 2.85 	 229.246 
360 	 3 	 273.9 

